-20 -2.14495e+175
-19.99 -1.43719e+175
-19.98 -9.63157e+174
-19.97 -6.45606e+174
-19.96 -4.32837e+174
-19.95 -2.90248e+174
-19.94 -1.9467e+174
-19.93 -1.30592e+174
-19.92 -8.76236e+173
-19.91 -5.88047e+173
-19.9 -3.94721e+173
-19.89 -2.65005e+173
-19.88 -1.77953e+173
-19.87 -1.19521e+173
-19.86 -8.02913e+172
-19.85 -5.39486e+172
-19.84 -3.62559e+172
-19.83 -2.43705e+172
-19.82 -1.63846e+172
-19.81 -1.10178e+172
-19.8 -7.41036e+171
-19.79 -4.98507e+171
-19.78 -3.35421e+171
-19.77 -2.25733e+171
-19.76 -1.51946e+171
-19.75 -1.02298e+171
-19.74 -6.88863e+170
-19.73 -4.63965e+170
-19.72 -3.12554e+170
-19.71 -2.10596e+170
-19.7 -1.41927e+170
-19.69 -9.56673e+169
-19.68 -6.44985e+169
-19.67 -4.34934e+169
-19.66 -2.93348e+169
-19.65 -1.97893e+169
-19.64 -1.33525e+169
-19.63 -9.01121e+168
-19.62 -6.08261e+168
-19.61 -4.10661e+168
-19.6 -2.77309e+168
-19.59 -1.87297e+168
-19.58 -1.26527e+168
-19.57 -8.5492e+167
-19.56 -5.77767e+167
-19.55 -3.90541e+167
-19.54 -2.64039e+167
-19.53 -1.78548e+167
-19.52 -1.20762e+167
-19.51 -8.16942e+166
-19.5 -5.52763e+166
-19.49 -3.74088e+166
-19.48 -2.53218e+166
-19.47 -1.71436e+166
-19.46 -1.16091e+166
-19.45 -7.86284e+165
-19.44 -5.32657e+165
-19.43 -3.60913e+165
-19.42 -2.44594e+165
-19.41 -1.65796e+165
-19.4 -1.12406e+165
-19.39 -7.62239e+164
-19.38 -5.16987e+164
-19.37 -3.50716e+164
-19.36 -2.37968e+164
-19.35 -1.61498e+164
-19.34 -1.09623e+164
-19.33 -7.44262e+163
-19.32 -5.054e+163
-19.31 -3.43266e+163
-19.3 -2.33192e+163
-19.29 -1.58447e+163
-19.28 -1.07681e+163
-19.27 -7.31953e+162
-19.26 -4.97637e+162
-19.25 -3.38399e+162
-19.24 -2.30162e+162
-19.23 -1.56575e+162
-19.22 -1.06537e+162
-19.21 -7.25042e+161
-19.2 -4.9353e+161
-19.19 -3.36009e+161
-19.18 -2.2881e+161
-19.17 -1.55842e+161
-19.16 -1.06165e+161
-19.15 -7.2338e+160
-19.14 -4.92989e+160
-19.13 -3.36043e+160
-19.12 -2.29107e+160
-19.11 -1.56232e+160
-19.1 -1.06559e+160
-19.09 -7.2693e+159
-19.08 -4.96003e+159
-19.07 -3.38503e+159
-19.06 -2.31061e+159
-19.05 -1.57753e+159
-19.04 -1.07725e+159
-19.03 -7.35769e+158
-19.02 -5.02636e+158
-19.01 -3.43441e+158
-19 -2.34713e+158
-18.99 -1.60439e+158
-18.98 -1.0969e+158
-18.97 -7.5009e+157
-18.96 -5.13033e+157
-18.95 -3.50966e+157
-18.94 -2.40143e+157
-18.93 -1.64347e+157
-18.92 -1.12497e+157
-18.91 -7.70208e+156
-18.9 -5.27425e+156
-18.89 -3.61243e+156
-18.88 -2.47472e+156
-18.87 -1.69566e+156
-18.86 -1.16209e+156
-18.85 -7.96572e+155
-18.84 -5.46133e+155
-18.83 -3.74505e+155
-18.82 -2.56865e+155
-18.81 -1.76213e+155
-18.8 -1.20909e+155
-18.79 -8.29784e+154
-18.78 -5.69585e+154
-18.77 -3.91056e+154
-18.76 -2.68538e+154
-18.75 -1.84442e+154
-18.74 -1.26707e+154
-18.73 -8.70618e+153
-18.72 -5.98332e+153
-18.71 -4.11285e+153
-18.7 -2.82768e+153
-18.69 -1.94448e+153
-18.68 -1.33741e+153
-18.67 -9.20054e+152
-18.66 -6.33064e+152
-18.65 -4.35681e+152
-18.64 -2.999e+152
-18.63 -2.06477e+152
-18.62 -1.42185e+152
-18.61 -9.79312e+151
-18.6 -6.74646e+151
-18.59 -4.64855e+151
-18.58 -3.20366e+151
-18.57 -2.20832e+151
-18.56 -1.52252e+151
-18.55 -1.04991e+151
-18.54 -7.24148e+150
-18.53 -4.99562e+150
-18.52 -3.44697e+150
-18.51 -2.37889e+150
-18.5 -1.64209e+150
-18.49 -1.13372e+150
-18.48 -7.8289e+149
-18.47 -5.40733e+149
-18.46 -3.73553e+149
-18.45 -2.58112e+149
-18.44 -1.78382e+149
-18.43 -1.23305e+149
-18.42 -8.52505e+148
-18.41 -5.89522e+148
-18.4 -4.07746e+148
-18.39 -2.82076e+148
-18.38 -1.95177e+148
-18.37 -1.35076e+148
-18.36 -9.35008e+147
-18.35 -6.4735e+147
-18.34 -4.4828e+147
-18.33 -3.10489e+147
-18.32 -2.15095e+147
-18.31 -1.49039e+147
-18.3 -1.0329e+147
-18.29 -7.15979e+146
-18.28 -4.96399e+146
-18.27 -3.4423e+146
-18.26 -2.38755e+146
-18.25 -1.65631e+146
-18.24 -1.14927e+146
-18.23 -7.97599e+145
-18.22 -5.5365e+145
-18.21 -3.84391e+145
-18.2 -2.6693e+145
-18.19 -1.85399e+145
-18.18 -1.28797e+145
-18.17 -8.94934e+144
-18.16 -6.2196e+144
-18.15 -4.32335e+144
-18.14 -3.00583e+144
-18.13 -2.09024e+144
-18.12 -1.45383e+144
-18.11 -1.01139e+144
-18.1 -7.03739e+143
-18.09 -4.89767e+143
-18.08 -3.40922e+143
-18.07 -2.3736e+143
-18.06 -1.6529e+143
-18.05 -1.15125e+143
-18.04 -8.02016e+142
-18.03 -5.58833e+142
-18.02 -3.89464e+142
-18.01 -2.71481e+142
-18 -1.89277e+142
-17.99 -1.31991e+142
-17.98 -9.20612e+141
-17.97 -6.42238e+141
-17.96 -4.48128e+141
-17.95 -3.12748e+141
-17.94 -2.1831e+141
-17.93 -1.52419e+141
-17.92 -1.06437e+141
-17.91 -7.43417e+140
-17.9 -5.19349e+140
-17.89 -3.62887e+140
-17.88 -2.53613e+140
-17.87 -1.77279e+140
-17.86 -1.23946e+140
-17.85 -8.66745e+139
-17.84 -6.06231e+139
-17.83 -4.24103e+139
-17.82 -2.96751e+139
-17.81 -2.07682e+139
-17.8 -1.45376e+139
-17.79 -1.01782e+139
-17.78 -7.12754e+138
-17.77 -4.99221e+138
-17.76 -3.49731e+138
-17.75 -2.45054e+138
-17.74 -1.71741e+138
-17.73 -1.20386e+138
-17.72 -8.4404e+137
-17.71 -5.91885e+137
-17.7 -4.15143e+137
-17.69 -2.91236e+137
-17.68 -2.04352e+137
-17.67 -1.43417e+137
-17.66 -1.00672e+137
-17.65 -7.06811e+136
-17.64 -4.96346e+136
-17.63 -3.4862e+136
-17.62 -2.4491e+136
-17.61 -1.72087e+136
-17.6 -1.20942e+136
-17.59 -8.50142e+135
-17.58 -5.97713e+135
-17.57 -4.20321e+135
-17.56 -2.95635e+135
-17.55 -2.07978e+135
-17.54 -1.46341e+135
-17.53 -1.02992e+135
-17.52 -7.24976e+134
-17.51 -5.10425e+134
-17.5 -3.59441e+134
-17.49 -2.53168e+134
-17.48 -1.78352e+134
-17.47 -1.25671e+134
-17.46 -8.85678e+133
-17.45 -6.24317e+133
-17.44 -4.4017e+133
-17.43 -3.10401e+133
-17.42 -2.18934e+133
-17.41 -1.5445e+133
-17.4 -1.08981e+133
-17.39 -7.6913e+132
-17.38 -5.4292e+132
-17.37 -3.83318e+132
-17.36 -2.70687e+132
-17.35 -1.9119e+132
-17.34 -1.35066e+132
-17.33 -9.5437e+131
-17.32 -6.74486e+131
-17.31 -4.76778e+131
-17.3 -3.3709e+131
-17.29 -2.38376e+131
-17.28 -1.68603e+131
-17.27 -1.19277e+131
-17.26 -8.4398e+130
-17.25 -5.97304e+130
-17.24 -4.22811e+130
-17.23 -2.99352e+130
-17.22 -2.11985e+130
-17.21 -1.50147e+130
-17.2 -1.06369e+130
-17.19 -7.53697e+129
-17.18 -5.34155e+129
-17.17 -3.78638e+129
-17.16 -2.68453e+129
-17.15 -1.9037e+129
-17.14 -1.35026e+129
-17.13 -9.579e+128
-17.12 -6.7969e+128
-17.11 -4.82379e+128
-17.1 -3.42415e+128
-17.09 -2.4311e+128
-17.08 -1.7264e+128
-17.07 -1.22621e+128
-17.06 -8.71116e+127
-17.05 -6.18976e+127
-17.04 -4.39904e+127
-17.03 -3.12701e+127
-17.02 -2.22324e+127
-17.01 -1.581e+127
-17 -1.12451e+127
-16.99 -7.99983e+126
-16.98 -5.69227e+126
-16.97 -4.05114e+126
-16.96 -2.88373e+126
-16.95 -2.05315e+126
-16.94 -1.46208e+126
-16.93 -1.04138e+126
-16.92 -7.41882e+125
-16.91 -5.28624e+125
-16.9 -3.76743e+125
-16.89 -2.68553e+125
-16.88 -1.91471e+125
-16.87 -1.3654e+125
-16.86 -9.73881e+124
-16.85 -6.94765e+124
-16.84 -4.95743e+124
-16.83 -3.53803e+124
-16.82 -2.52554e+124
-16.81 -1.80315e+124
-16.8 -1.28765e+124
-16.79 -9.1971e+123
-16.78 -6.57037e+123
-16.77 -4.69478e+123
-16.76 -3.35527e+123
-16.75 -2.39843e+123
-16.74 -1.7148e+123
-16.73 -1.22627e+123
-16.72 -8.7709e+122
-16.71 -6.27466e+122
-16.7 -4.48976e+122
-16.69 -3.21323e+122
-16.68 -2.30011e+122
-16.67 -1.6468e+122
-16.66 -1.17929e+122
-16.65 -8.44669e+121
-16.64 -6.05117e+121
-16.63 -4.3359e+121
-16.62 -3.10746e+121
-16.61 -2.2275e+121
-16.6 -1.59705e+121
-16.59 -1.14526e+121
-16.58 -8.21443e+120
-16.57 -5.89301e+120
-16.56 -4.22848e+120
-16.55 -3.03471e+120
-16.54 -2.1784e+120
-16.53 -1.56403e+120
-16.52 -1.12315e+120
-16.51 -8.0671e+119
-16.5 -5.79541e+119
-16.49 -4.16426e+119
-16.48 -2.9928e+119
-16.47 -2.15132e+119
-16.46 -1.54674e+119
-16.45 -1.11229e+119
-16.44 -8.00029e+118
-16.43 -5.75545e+118
-16.42 -4.14133e+118
-16.41 -2.98048e+118
-16.4 -2.14546e+118
-16.39 -1.54469e+118
-16.38 -1.11237e+118
-16.37 -8.01202e+117
-16.36 -5.77195e+117
-16.35 -4.15901e+117
-16.34 -2.9974e+117
-16.33 -2.16065e+117
-16.32 -1.5578e+117
-16.31 -1.12338e+117
-16.3 -8.10266e+116
-16.29 -5.84541e+116
-16.28 -4.21783e+116
-16.27 -3.04404e+116
-16.26 -2.19734e+116
-16.25 -1.58647e+116
-16.24 -1.14565e+116
-16.23 -8.27486e+115
-16.22 -5.97799e+115
-16.21 -4.31953e+115
-16.2 -3.12179e+115
-16.19 -2.25662e+115
-16.18 -1.63155e+115
-16.17 -1.17985e+115
-16.16 -8.5338e+114
-16.15 -6.17368e+114
-16.14 -4.46716e+114
-16.13 -3.23301e+114
-16.12 -2.34028e+114
-16.11 -1.6944e+114
-16.1 -1.22702e+114
-16.09 -8.88736e+113
-16.08 -6.43844e+113
-16.07 -4.66526e+113
-16.06 -3.38109e+113
-16.05 -2.4509e+113
-16.04 -1.77697e+113
-16.03 -1.28861e+113
-16.02 -9.34654e+112
-16.01 -6.78056e+112
-16 -4.92003e+112
-15.99 -3.57072e+112
-15.98 -2.59198e+112
-15.97 -1.88189e+112
-15.96 -1.3666e+112
-15.95 -9.92606e+111
-15.94 -7.21106e+111
-15.93 -5.23971e+111
-15.92 -3.80805e+111
-15.91 -2.76812e+111
-15.9 -2.01258e+111
-15.89 -1.46355e+111
-15.88 -1.06451e+111
-15.87 -7.74426e+110
-15.86 -5.63502e+110
-15.85 -4.10107e+110
-15.84 -2.98529e+110
-15.83 -2.17351e+110
-15.82 -1.58279e+110
-15.81 -1.15285e+110
-15.8 -8.39864e+109
-15.79 -6.11972e+109
-15.78 -4.46006e+109
-15.77 -3.25114e+109
-15.76 -2.37038e+109
-15.75 -1.72857e+109
-15.74 -1.26079e+109
-15.73 -9.19784e+108
-15.72 -6.71143e+108
-15.71 -4.89813e+108
-15.7 -3.57547e+108
-15.69 -2.61049e+108
-15.68 -1.90633e+108
-15.67 -1.39239e+108
-15.66 -1.01721e+108
-15.65 -7.43269e+107
-15.64 -5.43211e+107
-15.63 -3.9708e+107
-15.62 -2.90318e+107
-15.61 -2.12303e+107
-15.6 -1.55284e+107
-15.59 -1.13601e+107
-15.58 -8.31238e+106
-15.57 -6.08352e+106
-15.56 -4.45319e+106
-15.55 -3.26042e+106
-15.54 -2.38761e+106
-15.53 -1.7488e+106
-15.52 -1.28116e+106
-15.51 -9.38754e+105
-15.5 -6.88e+105
-15.49 -5.04326e+105
-15.48 -3.69761e+105
-15.47 -2.71155e+105
-15.46 -1.98884e+105
-15.45 -1.45905e+105
-15.44 -1.0706e+105
-15.43 -7.85722e+104
-15.42 -5.76765e+104
-15.41 -4.23463e+104
-15.4 -3.1097e+104
-15.39 -2.28406e+104
-15.38 -1.67797e+104
-15.37 -1.23296e+104
-15.36 -9.06145e+103
-15.35 -6.66092e+103
-15.34 -4.89731e+103
-15.33 -3.60136e+103
-15.32 -2.64889e+103
-15.31 -1.94871e+103
-15.3 -1.43389e+103
-15.29 -1.05529e+103
-15.28 -7.76813e+102
-15.27 -5.71935e+102
-15.26 -4.21175e+102
-15.25 -3.10218e+102
-15.24 -2.28537e+102
-15.23 -1.68396e+102
-15.22 -1.24107e+102
-15.21 -9.14842e+101
-15.2 -6.74501e+101
-15.19 -4.97401e+101
-15.18 -3.66873e+101
-15.17 -2.70653e+101
-15.16 -1.99708e+101
-15.15 -1.47389e+101
-15.14 -1.08799e+101
-15.13 -8.03279e+100
-15.12 -5.93194e+100
-15.11 -4.3814e+100
-15.1 -3.23681e+100
-15.09 -2.3917e+100
-15.08 -1.7676e+100
-15.07 -1.30661e+100
-15.06 -9.66045e+99
-15.05 -7.14388e+99
-15.04 -5.28394e+99
-15.03 -3.90902e+99
-15.02 -2.89244e+99
-15.01 -2.14066e+99
-15 -1.58459e+99
-14.99 -1.17321e+99
-14.98 -8.68797e+98
-14.97 -6.435e+98
-14.96 -4.76722e+98
-14.95 -3.53239e+98
-14.94 -2.61794e+98
-14.93 -1.9406e+98
-14.92 -1.4388e+98
-14.91 -1.06696e+98
-14.9 -7.91383e+97
-14.89 -5.87097e+97
-14.88 -4.35633e+97
-14.87 -3.23309e+97
-14.86 -2.39994e+97
-14.85 -1.78185e+97
-14.84 -1.32321e+97
-14.83 -9.82814e+96
-14.82 -7.30132e+96
-14.81 -5.42523e+96
-14.8 -4.03201e+96
-14.79 -2.99717e+96
-14.78 -2.22838e+96
-14.77 -1.65711e+96
-14.76 -1.23254e+96
-14.75 -9.16937e+95
-14.74 -6.82281e+95
-14.73 -5.07777e+95
-14.72 -3.77981e+95
-14.71 -2.81419e+95
-14.7 -2.09567e+95
-14.69 -1.56092e+95
-14.68 -1.16285e+95
-14.67 -8.66472e+94
-14.66 -6.4576e+94
-14.65 -4.81365e+94
-14.64 -3.58893e+94
-14.63 -2.67634e+94
-14.62 -1.99621e+94
-14.61 -1.48921e+94
-14.6 -1.1112e+94
-14.59 -8.29308e+93
-14.58 -6.1905e+93
-14.57 -4.62192e+93
-14.56 -3.45149e+93
-14.55 -2.57796e+93
-14.54 -1.9259e+93
-14.53 -1.43905e+93
-14.52 -1.07549e+93
-14.51 -8.03939e+92
-14.5 -6.01072e+92
-14.49 -4.49487e+92
-14.48 -3.36197e+92
-14.47 -2.51511e+92
-14.46 -1.88194e+92
-14.45 -1.40846e+92
-14.44 -1.05431e+92
-14.43 -7.89363e+91
-14.42 -5.91117e+91
-14.41 -4.42748e+91
-14.4 -3.31686e+91
-14.39 -2.48533e+91
-14.38 -1.86263e+91
-14.37 -1.39623e+91
-14.36 -1.04682e+91
-14.35 -7.85012e+90
-14.34 -5.88798e+90
-14.33 -4.41716e+90
-14.32 -3.31441e+90
-14.31 -2.48746e+90
-14.3 -1.86721e+90
-14.29 -1.4019e+90
-14.28 -1.05275e+90
-14.27 -7.90719e+89
-14.26 -5.94026e+89
-14.25 -4.46349e+89
-14.24 -3.35453e+89
-14.23 -2.52159e+89
-14.22 -1.89585e+89
-14.21 -1.42568e+89
-14.2 -1.07232e+89
-14.19 -8.06702e+88
-14.18 -6.07001e+88
-14.17 -4.56828e+88
-14.16 -3.43876e+88
-14.15 -2.58904e+88
-14.14 -1.94967e+88
-14.13 -1.46849e+88
-14.12 -1.10629e+88
-14.11 -8.33585e+87
-14.1 -6.28231e+87
-14.09 -4.73561e+87
-14.08 -3.57041e+87
-14.07 -2.69245e+87
-14.06 -2.03078e+87
-14.05 -1.53203e+87
-14.04 -1.156e+87
-14.03 -8.72433e+86
-14.02 -6.58559e+86
-14.01 -4.97215e+86
-14 -3.75474e+86
-13.99 -2.83598e+86
-13.98 -2.14246e+86
-13.97 -1.61885e+86
-13.96 -1.22346e+86
-13.95 -9.24824e+85
-13.94 -6.99222e+85
-13.93 -5.28759e+85
-13.92 -3.99932e+85
-13.91 -3.02554e+85
-13.9 -2.28931e+85
-13.89 -1.73258e+85
-13.88 -1.3115e+85
-13.87 -9.9296e+84
-13.86 -7.51935e+84
-13.85 -5.69529e+84
-13.84 -4.31458e+84
-13.83 -3.26924e+84
-13.82 -2.47767e+84
-13.81 -1.87813e+84
-13.8 -1.42395e+84
-13.79 -1.07981e+84
-13.78 -8.19013e+83
-13.77 -6.21326e+83
-13.76 -4.71449e+83
-13.75 -3.57797e+83
-13.74 -2.71597e+83
-13.73 -2.06206e+83
-13.72 -1.56589e+83
-13.71 -1.18935e+83
-13.7 -9.03537e+82
-13.69 -6.86543e+82
-13.68 -5.21766e+82
-13.67 -3.96617e+82
-13.66 -3.01545e+82
-13.65 -2.29309e+82
-13.64 -1.74412e+82
-13.63 -1.32684e+82
-13.62 -1.00959e+82
-13.61 -7.68352e+81
-13.6 -5.84873e+81
-13.59 -4.45297e+81
-13.58 -3.39097e+81
-13.57 -2.58277e+81
-13.56 -1.96759e+81
-13.55 -1.49923e+81
-13.54 -1.14259e+81
-13.53 -8.70958e+80
-13.52 -6.64036e+80
-13.51 -5.06376e+80
-13.5 -3.86225e+80
-13.49 -2.94642e+80
-13.48 -2.2482e+80
-13.47 -1.71579e+80
-13.46 -1.30972e+80
-13.45 -9.9995e+79
-13.44 -7.636e+79
-13.43 -5.8323e+79
-13.42 -4.45554e+79
-13.41 -3.40446e+79
-13.4 -2.60185e+79
-13.39 -1.98885e+79
-13.38 -1.52058e+79
-13.37 -1.1628e+79
-13.36 -8.89373e+78
-13.35 -6.80379e+78
-13.34 -5.206e+78
-13.33 -3.98423e+78
-13.32 -3.0498e+78
-13.31 -2.33499e+78
-13.3 -1.78807e+78
-13.29 -1.36953e+78
-13.28 -1.04917e+78
-13.27 -8.03907e+77
-13.26 -6.16101e+77
-13.25 -4.72265e+77
-13.24 -3.62081e+77
-13.23 -2.77659e+77
-13.22 -2.12963e+77
-13.21 -1.63375e+77
-13.2 -1.25358e+77
-13.19 -9.62064e+76
-13.18 -7.38488e+76
-13.17 -5.66983e+76
-13.16 -4.35394e+76
-13.15 -3.34412e+76
-13.14 -2.56902e+76
-13.13 -1.97397e+76
-13.12 -1.51705e+76
-13.11 -1.16613e+76
-13.1 -8.96557e+75
-13.09 -6.89441e+75
-13.08 -5.30277e+75
-13.07 -4.07939e+75
-13.06 -3.13888e+75
-13.05 -2.41568e+75
-13.04 -1.85948e+75
-13.03 -1.43163e+75
-13.02 -1.10244e+75
-13.01 -8.49117e+74
-13 -6.54133e+74
-12.99 -5.04024e+74
-12.98 -3.88439e+74
-12.97 -2.99421e+74
-12.96 -2.30848e+74
-12.95 -1.78016e+74
-12.94 -1.37302e+74
-12.93 -1.05921e+74
-12.92 -8.17283e+73
-12.91 -6.3074e+73
-12.9 -4.86873e+73
-12.89 -3.75895e+73
-12.88 -2.90271e+73
-12.87 -2.24196e+73
-12.86 -1.73197e+73
-12.85 -1.33825e+73
-12.84 -1.03424e+73
-12.83 -7.99452e+72
-12.82 -6.18088e+72
-12.81 -4.77963e+72
-12.8 -3.69679e+72
-12.79 -2.85984e+72
-12.78 -2.21282e+72
-12.77 -1.71252e+72
-12.76 -1.3256e+72
-12.75 -1.02631e+72
-12.74 -7.94744e+71
-12.73 -6.15551e+71
-12.72 -4.76856e+71
-12.71 -3.69485e+71
-12.7 -2.86348e+71
-12.69 -2.21961e+71
-12.68 -1.72087e+71
-12.67 -1.33445e+71
-12.66 -1.03501e+71
-12.65 -8.02927e+70
-12.64 -6.23006e+70
-12.63 -4.83498e+70
-12.62 -3.75305e+70
-12.61 -2.9138e+70
-12.6 -2.26268e+70
-12.59 -1.75741e+70
-12.58 -1.36524e+70
-12.57 -1.06079e+70
-12.56 -8.24402e+69
-12.55 -6.40818e+69
-12.54 -4.98215e+69
-12.53 -3.87423e+69
-12.52 -3.01329e+69
-12.51 -2.34413e+69
-12.5 -1.82394e+69
-12.49 -1.41947e+69
-12.48 -1.10491e+69
-12.47 -8.60232e+68
-12.46 -6.6987e+68
-12.45 -5.21737e+68
-12.44 -4.06443e+68
-12.43 -3.1669e+68
-12.42 -2.46806e+68
-12.41 -1.92381e+68
-12.4 -1.49988e+68
-12.39 -1.1696e+68
-12.38 -9.12233e+67
-12.37 -7.11639e+67
-12.36 -5.55265e+67
-12.35 -4.33339e+67
-12.34 -3.38253e+67
-12.33 -2.64084e+67
-12.32 -2.06219e+67
-12.31 -1.61065e+67
-12.3 -1.25824e+67
-12.29 -9.83125e+66
-12.28 -7.6832e+66
-12.27 -6.00568e+66
-12.26 -4.69535e+66
-12.25 -3.67165e+66
-12.24 -2.87171e+66
-12.23 -2.2465e+66
-12.22 -1.75776e+66
-12.21 -1.37562e+66
-12.2 -1.07677e+66
-12.19 -8.43019e+65
-12.18 -6.6014e+65
-12.17 -5.17037e+65
-12.16 -4.05036e+65
-12.15 -3.1736e+65
-12.14 -2.48713e+65
-12.13 -1.94953e+65
-12.12 -1.52844e+65
-12.11 -1.19854e+65
-12.1 -9.40036e+64
-12.09 -7.37433e+64
-12.08 -5.78612e+64
-12.07 -4.54087e+64
-12.06 -3.56432e+64
-12.05 -2.79834e+64
-12.04 -2.19741e+64
-12.03 -1.72588e+64
-12.02 -1.35579e+64
-12.01 -1.06528e+64
-12 -8.37185e+63
-11.99 -6.58059e+63
-11.98 -5.17363e+63
-11.97 -4.06829e+63
-11.96 -3.19975e+63
-11.95 -2.51713e+63
-11.94 -1.98053e+63
-11.93 -1.55864e+63
-11.92 -1.22686e+63
-11.91 -9.65898e+62
-11.9 -7.60596e+62
-11.89 -5.99051e+62
-11.88 -4.7191e+62
-11.87 -3.71828e+62
-11.86 -2.93029e+62
-11.85 -2.30976e+62
-11.84 -1.821e+62
-11.83 -1.43594e+62
-11.82 -1.13254e+62
-11.81 -8.93418e+61
-11.8 -7.04925e+61
-11.79 -5.56311e+61
-11.78 -4.39116e+61
-11.77 -3.46679e+61
-11.76 -2.73755e+61
-11.75 -2.16214e+61
-11.74 -1.70801e+61
-11.73 -1.34954e+61
-11.72 -1.06651e+61
-11.71 -8.43011e+60
-11.7 -6.6648e+60
-11.69 -5.2702e+60
-11.68 -4.16826e+60
-11.67 -3.29737e+60
-11.66 -2.60896e+60
-11.65 -2.06469e+60
-11.64 -1.63429e+60
-11.63 -1.29386e+60
-11.62 -1.02455e+60
-11.61 -8.11459e+59
-11.6 -6.42815e+59
-11.59 -5.09321e+59
-11.58 -4.03631e+59
-11.57 -3.19936e+59
-11.56 -2.53646e+59
-11.55 -2.01132e+59
-11.54 -1.59521e+59
-11.53 -1.26545e+59
-11.52 -1.00405e+59
-11.51 -7.96809e+58
-11.5 -6.32468e+58
-11.49 -5.02123e+58
-11.48 -3.9872e+58
-11.47 -3.16674e+58
-11.46 -2.51561e+58
-11.45 -1.99876e+58
-11.44 -1.58842e+58
-11.43 -1.26257e+58
-11.42 -1.00376e+58
-11.41 -7.9817e+57
-11.4 -6.34812e+57
-11.39 -5.04989e+57
-11.38 -4.01796e+57
-11.37 -3.19753e+57
-11.36 -2.54514e+57
-11.35 -2.02625e+57
-11.34 -1.61348e+57
-11.33 -1.28505e+57
-11.32 -1.02367e+57
-11.31 -8.15623e+56
-11.3 -6.49987e+56
-11.29 -5.18092e+56
-11.28 -4.13043e+56
-11.27 -3.29359e+56
-11.26 -2.62683e+56
-11.25 -2.09546e+56
-11.24 -1.67191e+56
-11.23 -1.33424e+56
-11.22 -1.06498e+56
-11.21 -8.5023e+55
-11.2 -6.78918e+55
-11.19 -5.42231e+55
-11.18 -4.33149e+55
-11.17 -3.46081e+55
-11.16 -2.7657e+55
-11.15 -2.21064e+55
-11.14 -1.76733e+55
-11.13 -1.4132e+55
-11.12 -1.13025e+55
-11.11 -9.04139e+54
-11.1 -7.23404e+54
-11.09 -5.78913e+54
-11.08 -4.63374e+54
-11.07 -3.70969e+54
-11.06 -2.9705e+54
-11.05 -2.37907e+54
-11.04 -1.90578e+54
-11.03 -1.52694e+54
-11.02 -1.22366e+54
-11.01 -9.80811e+53
-11 -7.86314e+53
-10.99 -6.30512e+53
-10.98 -5.05682e+53
-10.97 -4.05646e+53
-10.96 -3.25465e+53
-10.95 -2.61185e+53
-10.94 -2.09642e+53
-10.93 -1.68304e+53
-10.92 -1.35144e+53
-10.91 -1.08539e+53
-10.9 -8.7189e+52
-10.89 -7.00526e+52
-10.88 -5.62954e+52
-10.87 -4.52489e+52
-10.86 -3.63773e+52
-10.85 -2.92508e+52
-10.84 -2.35252e+52
-10.83 -1.89241e+52
-10.82 -1.52259e+52
-10.81 -1.22528e+52
-10.8 -9.86228e+51
-10.79 -7.93971e+51
-10.78 -6.3932e+51
-10.77 -5.14895e+51
-10.76 -4.14768e+51
-10.75 -3.34179e+51
-10.74 -2.69301e+51
-10.73 -2.17062e+51
-10.72 -1.74992e+51
-10.71 -1.41103e+51
-10.7 -1.138e+51
-10.69 -9.17982e+50
-10.68 -7.4065e+50
-10.67 -5.97693e+50
-10.66 -4.82425e+50
-10.65 -3.89464e+50
-10.64 -3.1448e+50
-10.63 -2.53982e+50
-10.62 -2.05164e+50
-10.61 -1.65762e+50
-10.6 -1.33954e+50
-10.59 -1.08271e+50
-10.58 -8.75298e+49
-10.57 -7.0776e+49
-10.56 -5.72404e+49
-10.55 -4.63026e+49
-10.54 -3.74623e+49
-10.53 -3.03159e+49
-10.52 -2.45376e+49
-10.51 -1.98647e+49
-10.5 -1.60848e+49
-10.49 -1.30268e+49
-10.48 -1.05523e+49
-10.47 -8.54951e+48
-10.46 -6.92823e+48
-10.45 -5.61552e+48
-10.44 -4.55244e+48
-10.43 -3.69134e+48
-10.42 -2.99372e+48
-10.41 -2.42843e+48
-10.4 -1.97027e+48
-10.39 -1.59886e+48
-10.38 -1.29773e+48
-10.37 -1.05352e+48
-10.36 -8.55439e+47
-10.35 -6.94739e+47
-10.34 -5.64339e+47
-10.33 -4.58506e+47
-10.32 -3.72595e+47
-10.31 -3.02841e+47
-10.3 -2.46195e+47
-10.29 -2.00185e+47
-10.28 -1.62805e+47
-10.27 -1.32432e+47
-10.26 -1.07746e+47
-10.25 -8.76797e+46
-10.24 -7.13645e+46
-10.23 -5.80968e+46
-10.22 -4.73051e+46
-10.21 -3.85257e+46
-10.2 -3.13819e+46
-10.19 -2.55679e+46
-10.18 -2.08352e+46
-10.17 -1.69819e+46
-10.16 -1.3844e+46
-10.15 -1.12881e+46
-10.14 -9.20596e+45
-10.13 -7.50937e+45
-10.12 -6.12666e+45
-10.11 -4.99955e+45
-10.1 -4.0806e+45
-10.09 -3.33123e+45
-10.08 -2.72001e+45
-10.07 -2.22138e+45
-10.06 -1.81452e+45
-10.05 -1.48248e+45
-10.04 -1.21144e+45
-10.03 -9.90145e+44
-10.02 -8.09438e+44
-10.01 -6.61843e+44
-10 -5.41269e+44
-9.99 -4.42749e+44
-9.98 -3.62233e+44
-9.97 -2.96418e+44
-9.96 -2.4261e+44
-9.95 -1.98609e+44
-9.94 -1.6262e+44
-9.93 -1.3318e+44
-9.92 -1.09091e+44
-9.91 -8.93764e+43
-9.9 -7.32394e+43
-9.89 -6.00279e+43
-9.88 -4.92094e+43
-9.87 -4.03487e+43
-9.86 -3.309e+43
-9.85 -2.71426e+43
-9.84 -2.22686e+43
-9.83 -1.82734e+43
-9.82 -1.4998e+43
-9.81 -1.23121e+43
-9.8 -1.01092e+43
-9.79 -8.30216e+42
-9.78 -6.81947e+42
-9.77 -5.60268e+42
-9.76 -4.60392e+42
-9.75 -3.78396e+42
-9.74 -3.11065e+42
-9.73 -2.55765e+42
-9.72 -2.10339e+42
-9.71 -1.73015e+42
-9.7 -1.42342e+42
-9.69 -1.17131e+42
-9.68 -9.64037e+41
-9.67 -7.93603e+41
-9.66 -6.5343e+41
-9.65 -5.38123e+41
-9.64 -4.43251e+41
-9.63 -3.65179e+41
-9.62 -3.00917e+41
-9.61 -2.48013e+41
-9.6 -2.04451e+41
-9.59 -1.68574e+41
-9.58 -1.3902e+41
-9.57 -1.1467e+41
-9.56 -9.46042e+40
-9.55 -7.80651e+40
-9.54 -6.44302e+40
-9.53 -5.31874e+40
-9.52 -4.39151e+40
-9.51 -3.62665e+40
-9.5 -2.9956e+40
-9.49 -2.47485e+40
-9.48 -2.04503e+40
-9.47 -1.6902e+40
-9.46 -1.39721e+40
-9.45 -1.15524e+40
-9.44 -9.5536e+39
-9.43 -7.90224e+39
-9.42 -6.53761e+39
-9.41 -5.40972e+39
-9.4 -4.47731e+39
-9.39 -3.70634e+39
-9.38 -3.06874e+39
-9.37 -2.54133e+39
-9.36 -2.10498e+39
-9.35 -1.7439e+39
-9.34 -1.44505e+39
-9.33 -1.19765e+39
-9.32 -9.92801e+38
-9.31 -8.23155e+38
-9.3 -6.82633e+38
-9.29 -5.66212e+38
-9.28 -4.6974e+38
-9.27 -3.89783e+38
-9.26 -3.235e+38
-9.25 -2.68541e+38
-9.24 -2.22964e+38
-9.23 -1.85159e+38
-9.22 -1.53795e+38
-9.21 -1.27769e+38
-9.2 -1.06168e+38
-9.19 -8.82368e+37
-9.18 -7.33486e+37
-9.17 -6.09846e+37
-9.16 -5.07148e+37
-9.15 -4.21828e+37
-9.14 -3.50932e+37
-9.13 -2.92009e+37
-9.12 -2.43028e+37
-9.11 -2.02303e+37
-9.1 -1.68436e+37
-9.09 -1.40267e+37
-9.08 -1.16832e+37
-9.07 -9.73312e+36
-9.06 -8.11017e+36
-9.05 -6.75919e+36
-9.04 -5.63437e+36
-9.03 -4.69767e+36
-9.02 -3.91747e+36
-9.01 -3.2675e+36
-9 -2.72591e+36
-8.99 -2.27454e+36
-8.98 -1.89829e+36
-8.97 -1.58459e+36
-8.96 -1.323e+36
-8.95 -1.10481e+36
-8.94 -9.22786e+35
-8.93 -7.70906e+35
-8.92 -6.44151e+35
-8.91 -5.38345e+35
-8.9 -4.50008e+35
-8.89 -3.76241e+35
-8.88 -3.14628e+35
-8.87 -2.63158e+35
-8.86 -2.20151e+35
-8.85 -1.84209e+35
-8.84 -1.54166e+35
-8.83 -1.29048e+35
-8.82 -1.08044e+35
-8.81 -9.0477e+34
-8.8 -7.5781e+34
-8.79 -6.34847e+34
-8.78 -5.31942e+34
-8.77 -4.45806e+34
-8.76 -3.73692e+34
-8.75 -3.13305e+34
-8.74 -2.62729e+34
-8.73 -2.20361e+34
-8.72 -1.84862e+34
-8.71 -1.55112e+34
-8.7 -1.30176e+34
-8.69 -1.09271e+34
-8.68 -9.17405e+33
-8.67 -7.7038e+33
-8.66 -6.47047e+33
-8.65 -5.43566e+33
-8.64 -4.56726e+33
-8.63 -3.83835e+33
-8.62 -3.22642e+33
-8.61 -2.71258e+33
-8.6 -2.28103e+33
-8.59 -1.91852e+33
-8.58 -1.61394e+33
-8.57 -1.35798e+33
-8.56 -1.14284e+33
-8.55 -9.61981e+32
-8.54 -8.09902e+32
-8.53 -6.82e+32
-8.52 -5.74411e+32
-8.51 -4.83891e+32
-8.5 -4.07717e+32
-8.49 -3.43602e+32
-8.48 -2.89627e+32
-8.47 -2.44179e+32
-8.46 -2.05904e+32
-8.45 -1.73663e+32
-8.44 -1.46499e+32
-8.43 -1.23609e+32
-8.42 -1.04316e+32
-8.41 -8.80519e+31
-8.4 -7.43383e+31
-8.39 -6.27729e+31
-8.38 -5.30174e+31
-8.37 -4.47868e+31
-8.36 -3.78416e+31
-8.35 -3.19797e+31
-8.34 -2.70312e+31
-8.33 -2.28529e+31
-8.32 -1.93244e+31
-8.31 -1.63439e+31
-8.3 -1.38258e+31
-8.29 -1.1698e+31
-8.28 -9.89969e+30
-8.27 -8.37947e+30
-8.26 -7.0941e+30
-8.25 -6.00709e+30
-8.24 -5.08766e+30
-8.23 -4.3098e+30
-8.22 -3.6516e+30
-8.21 -3.09453e+30
-8.2 -2.62297e+30
-8.19 -2.22371e+30
-8.18 -1.88559e+30
-8.17 -1.59921e+30
-8.16 -1.35659e+30
-8.15 -1.15101e+30
-8.14 -9.76772e+29
-8.13 -8.29077e+29
-8.12 -7.03854e+29
-8.11 -5.97664e+29
-8.1 -5.07595e+29
-8.09 -4.31185e+29
-8.08 -3.6635e+29
-8.07 -3.11326e+29
-8.06 -2.64619e+29
-8.05 -2.24964e+29
-8.04 -1.91289e+29
-8.03 -1.62687e+29
-8.02 -1.3839e+29
-8.01 -1.17744e+29
-8 -1.00199e+29
-7.99 -8.52845e+28
-7.98 -7.26047e+28
-7.97 -6.18224e+28
-7.96 -5.26517e+28
-7.95 -4.48504e+28
-7.94 -3.82125e+28
-7.93 -3.25635e+28
-7.92 -2.77551e+28
-7.91 -2.36614e+28
-7.9 -2.01755e+28
-7.89 -1.72066e+28
-7.88 -1.46775e+28
-7.87 -1.25226e+28
-7.86 -1.06862e+28
-7.85 -9.1209e+27
-7.84 -7.78643e+27
-7.83 -6.64853e+27
-7.82 -5.67805e+27
-7.81 -4.85019e+27
-7.8 -4.14385e+27
-7.79 -3.54108e+27
-7.78 -3.02659e+27
-7.77 -2.58737e+27
-7.76 -2.21232e+27
-7.75 -1.89202e+27
-7.74 -1.61841e+27
-7.73 -1.38464e+27
-7.72 -1.18487e+27
-7.71 -1.01413e+27
-7.7 -8.68159e+26
-7.69 -7.43349e+26
-7.68 -6.36608e+26
-7.67 -5.45302e+26
-7.66 -4.67185e+26
-7.65 -4.00338e+26
-7.64 -3.43124e+26
-7.63 -2.94144e+26
-7.62 -2.52207e+26
-7.61 -2.16291e+26
-7.6 -1.85527e+26
-7.59 -1.5917e+26
-7.58 -1.36585e+26
-7.57 -1.17227e+26
-7.56 -1.00633e+26
-7.55 -8.64054e+25
-7.54 -7.42037e+25
-7.53 -6.37378e+25
-7.52 -5.47588e+25
-7.51 -4.70541e+25
-7.5 -4.04414e+25
-7.49 -3.4765e+25
-7.48 -2.98912e+25
-7.47 -2.57058e+25
-7.46 -2.21108e+25
-7.45 -1.90224e+25
-7.44 -1.63686e+25
-7.43 -1.40878e+25
-7.42 -1.21272e+25
-7.41 -1.04416e+25
-7.4 -8.99198e+24
-7.39 -7.74518e+24
-7.38 -6.67258e+24
-7.37 -5.74966e+24
-7.36 -4.95538e+24
-7.35 -4.27167e+24
-7.34 -3.68302e+24
-7.33 -3.17612e+24
-7.32 -2.73953e+24
-7.31 -2.36342e+24
-7.3 -2.03935e+24
-7.29 -1.76006e+24
-7.28 -1.51933e+24
-7.27 -1.31178e+24
-7.26 -1.1328e+24
-7.25 -9.78444e+23
-7.24 -8.45285e+23
-7.23 -7.30392e+23
-7.22 -6.31241e+23
-7.21 -5.45658e+23
-7.2 -4.71772e+23
-7.19 -4.07971e+23
-7.18 -3.52868e+23
-7.17 -3.05268e+23
-7.16 -2.64142e+23
-7.15 -2.28601e+23
-7.14 -1.97882e+23
-7.13 -1.71324e+23
-7.12 -1.48361e+23
-7.11 -1.285e+23
-7.1 -1.1132e+23
-7.09 -9.64567e+22
-7.08 -8.35942e+22
-7.07 -7.24612e+22
-7.06 -6.28233e+22
-7.05 -5.44781e+22
-7.04 -4.72508e+22
-7.03 -4.09905e+22
-7.02 -3.55666e+22
-7.01 -3.08665e+22
-7 -2.67928e+22
-6.99 -2.32614e+22
-6.98 -2.01994e+22
-6.97 -1.7544e+22
-6.96 -1.52407e+22
-6.95 -1.32423e+22
-6.94 -1.15083e+22
-6.93 -1.00033e+22
-6.92 -8.6969e+21
-6.91 -7.56257e+21
-6.9 -6.57749e+21
-6.89 -5.72186e+21
-6.88 -4.97852e+21
-6.87 -4.3326e+21
-6.86 -3.77124e+21
-6.85 -3.28325e+21
-6.84 -2.85898e+21
-6.83 -2.49003e+21
-6.82 -2.16911e+21
-6.81 -1.88993e+21
-6.8 -1.64701e+21
-6.79 -1.4356e+21
-6.78 -1.25157e+21
-6.77 -1.09135e+21
-6.76 -9.51827e+20
-6.75 -8.30305e+20
-6.74 -7.24442e+20
-6.73 -6.32202e+20
-6.72 -5.51815e+20
-6.71 -4.81745e+20
-6.7 -4.20655e+20
-6.69 -3.67385e+20
-6.68 -3.20925e+20
-6.67 -2.80395e+20
-6.66 -2.45032e+20
-6.65 -2.14172e+20
-6.64 -1.87235e+20
-6.63 -1.63719e+20
-6.62 -1.43184e+20
-6.61 -1.2525e+20
-6.6 -1.09584e+20
-6.59 -9.58958e+19
-6.58 -8.39344e+19
-6.57 -7.34794e+19
-6.56 -6.43395e+19
-6.55 -5.63476e+19
-6.54 -4.93581e+19
-6.53 -4.32442e+19
-6.52 -3.78951e+19
-6.51 -3.32142e+19
-6.5 -2.91173e+19
-6.49 -2.55308e+19
-6.48 -2.23904e+19
-6.47 -1.96402e+19
-6.46 -1.72313e+19
-6.45 -1.51207e+19
-6.44 -1.32713e+19
-6.43 -1.16505e+19
-6.42 -1.02295e+19
-6.41 -8.98371e+18
-6.4 -7.89116e+18
-6.39 -6.93285e+18
-6.38 -6.09212e+18
-6.37 -5.3544e+18
-6.36 -4.70694e+18
-6.35 -4.1386e+18
-6.34 -3.6396e+18
-6.33 -3.20139e+18
-6.32 -2.8165e+18
-6.31 -2.47838e+18
-6.3 -2.18128e+18
-6.29 -1.92017e+18
-6.28 -1.69065e+18
-6.27 -1.48886e+18
-6.26 -1.31142e+18
-6.25 -1.15535e+18
-6.24 -1.01805e+18
-6.23 -8.97249e+17
-6.22 -7.90937e+17
-6.21 -6.9736e+17
-6.2 -6.14975e+17
-6.19 -5.4243e+17
-6.18 -4.78537e+17
-6.17 -4.22254e+17
-6.16 -3.72664e+17
-6.15 -3.28962e+17
-6.14 -2.90443e+17
-6.13 -2.56485e+17
-6.12 -2.26542e+17
-6.11 -2.00134e+17
-6.1 -1.76839e+17
-6.09 -1.56286e+17
-6.08 -1.3815e+17
-6.07 -1.22142e+17
-6.06 -1.0801e+17
-6.05 -9.55326e+16
-6.04 -8.4513e+16
-6.03 -7.47793e+16
-6.02 -6.61796e+16
-6.01 -5.85805e+16
-6 -5.18642e+16
-5.99 -4.5927e+16
-5.98 -4.06775e+16
-5.97 -3.60351e+16
-5.96 -3.19288e+16
-5.95 -2.8296e+16
-5.94 -2.50815e+16
-5.93 -2.22366e+16
-5.92 -1.97182e+16
-5.91 -1.74885e+16
-5.9 -1.5514e+16
-5.89 -1.37651e+16
-5.88 -1.22158e+16
-5.87 -1.0843e+16
-5.86 -9.62639e+15
-5.85 -8.54796e+15
-5.84 -7.59184e+15
-5.83 -6.744e+15
-5.82 -5.99202e+15
-5.81 -5.32494e+15
-5.8 -4.73305e+15
-5.79 -4.20779e+15
-5.78 -3.74155e+15
-5.77 -3.32763e+15
-5.76 -2.96009e+15
-5.75 -2.63366e+15
-5.74 -2.34369e+15
-5.73 -2.08605e+15
-5.72 -1.85711e+15
-5.71 -1.65361e+15
-5.7 -1.47271e+15
-5.69 -1.31185e+15
-5.68 -1.16879e+15
-5.67 -1.04154e+15
-5.66 -9.28328e+14
-5.65 -8.27583e+14
-5.64 -7.37916e+14
-5.63 -6.58094e+14
-5.62 -5.87022e+14
-5.61 -5.23729e+14
-5.6 -4.67352e+14
-5.59 -4.17126e+14
-5.58 -3.72371e+14
-5.57 -3.32483e+14
-5.56 -2.96926e+14
-5.55 -2.65225e+14
-5.54 -2.36954e+14
-5.53 -2.11738e+14
-5.52 -1.89243e+14
-5.51 -1.69172e+14
-5.5 -1.51258e+14
-5.49 -1.35269e+14
-5.48 -1.20993e+14
-5.47 -1.08245e+14
-5.46 -9.68595e+13
-5.45 -8.66885e+13
-5.44 -7.76008e+13
-5.43 -6.94794e+13
-5.42 -6.22202e+13
-5.41 -5.57304e+13
-5.4 -4.99273e+13
-5.39 -4.47373e+13
-5.38 -4.00947e+13
-5.37 -3.59409e+13
-5.36 -3.22238e+13
-5.35 -2.88968e+13
-5.34 -2.59184e+13
-5.33 -2.32515e+13
-5.32 -2.08632e+13
-5.31 -1.87238e+13
-5.3 -1.68072e+13
-5.29 -1.50897e+13
-5.28 -1.35503e+13
-5.27 -1.21704e+13
-5.26 -1.09332e+13
-5.25 -9.82363e+12
-5.24 -8.82843e+12
-5.23 -7.93561e+12
-5.22 -7.13448e+12
-5.21 -6.41549e+12
-5.2 -5.77008e+12
-5.19 -5.19063e+12
-5.18 -4.67028e+12
-5.17 -4.20292e+12
-5.16 -3.78307e+12
-5.15 -3.40584e+12
-5.14 -3.06682e+12
-5.13 -2.76208e+12
-5.12 -2.48812e+12
-5.11 -2.24177e+12
-5.1 -2.02021e+12
-5.09 -1.8209e+12
-5.08 -1.64158e+12
-5.07 -1.4802e+12
-5.06 -1.33496e+12
-5.05 -1.2042e+12
-5.04 -1.08646e+12
-5.03 -9.80426e+11
-5.02 -8.84914e+11
-5.01 -7.98863e+11
-5 -7.21322e+11
-4.99 -6.51434e+11
-4.98 -5.88434e+11
-4.97 -5.3163e+11
-4.96 -4.80404e+11
-4.95 -4.34199e+11
-4.94 -3.92514e+11
-4.93 -3.54901e+11
-4.92 -3.20956e+11
-4.91 -2.90314e+11
-4.9 -2.62649e+11
-4.89 -2.37666e+11
-4.88 -2.15102e+11
-4.87 -1.94719e+11
-4.86 -1.76301e+11
-4.85 -1.59657e+11
-4.84 -1.44612e+11
-4.83 -1.31011e+11
-4.82 -1.18712e+11
-4.81 -1.07589e+11
-4.8 -9.75273e+10
-4.79 -8.84238e+10
-4.78 -8.01857e+10
-4.77 -7.27293e+10
-4.76 -6.59792e+10
-4.75 -5.98673e+10
-4.74 -5.43321e+10
-4.73 -4.93184e+10
-4.72 -4.47761e+10
-4.71 -4.06601e+10
-4.7 -3.69297e+10
-4.69 -3.35481e+10
-4.68 -3.04821e+10
-4.67 -2.77017e+10
-4.66 -2.51799e+10
-4.65 -2.2892e+10
-4.64 -2.08162e+10
-4.63 -1.89323e+10
-4.62 -1.72222e+10
-4.61 -1.56696e+10
-4.6 -1.42599e+10
-4.59 -1.29794e+10
-4.58 -1.18163e+10
-4.57 -1.07595e+10
-4.56 -9.79909e+09
-4.55 -8.92618e+09
-4.54 -8.13261e+09
-4.53 -7.41104e+09
-4.52 -6.75481e+09
-4.51 -6.15789e+09
-4.5 -5.61481e+09
-4.49 -5.12063e+09
-4.48 -4.67085e+09
-4.47 -4.26142e+09
-4.46 -3.88863e+09
-4.45 -3.54914e+09
-4.44 -3.23992e+09
-4.43 -2.95822e+09
-4.42 -2.70154e+09
-4.41 -2.46762e+09
-4.4 -2.25438e+09
-4.39 -2.05998e+09
-4.38 -1.8827e+09
-4.37 -1.72102e+09
-4.36 -1.57353e+09
-4.35 -1.43896e+09
-4.34 -1.31615e+09
-4.33 -1.20406e+09
-4.32 -1.10173e+09
-4.31 -1.00829e+09
-4.3 -9.22958e+08
-4.29 -8.45011e+08
-4.28 -7.73798e+08
-4.27 -7.08724e+08
-4.26 -6.49248e+08
-4.25 -5.9488e+08
-4.24 -5.4517e+08
-4.23 -4.99712e+08
-4.22 -4.58133e+08
-4.21 -4.20095e+08
-4.2 -3.8529e+08
-4.19 -3.53438e+08
-4.18 -3.24282e+08
-4.17 -2.97588e+08
-4.16 -2.73146e+08
-4.15 -2.50759e+08
-4.14 -2.30252e+08
-4.13 -2.11463e+08
-4.12 -1.94245e+08
-4.11 -1.78464e+08
-4.1 -1.63996e+08
-4.09 -1.50731e+08
-4.08 -1.38565e+08
-4.07 -1.27407e+08
-4.06 -1.17169e+08
-4.05 -1.07775e+08
-4.04 -9.91535e+07
-4.03 -9.12393e+07
-4.02 -8.3973e+07
-4.01 -7.73004e+07
-4 -7.11719e+07
-3.99 -6.55419e+07
-3.98 -6.03689e+07
-3.97 -5.5615e+07
-3.96 -5.12454e+07
-3.95 -4.72282e+07
-3.94 -4.35344e+07
-3.93 -4.01373e+07
-3.92 -3.70124e+07
-3.91 -3.41374e+07
-3.9 -3.14918e+07
-3.89 -2.90569e+07
-3.88 -2.68154e+07
-3.87 -2.47516e+07
-3.86 -2.2851e+07
-3.85 -2.11005e+07
-3.84 -1.94879e+07
-3.83 -1.80019e+07
-3.82 -1.66325e+07
-3.81 -1.53702e+07
-3.8 -1.42065e+07
-3.79 -1.31334e+07
-3.78 -1.21437e+07
-3.77 -1.12308e+07
-3.76 -1.03885e+07
-3.75 -9.61121e+06
-3.74 -8.8938e+06
-3.73 -8.23153e+06
-3.72 -7.62005e+06
-3.71 -7.05535e+06
-3.7 -6.53376e+06
-3.69 -6.05189e+06
-3.68 -5.60664e+06
-3.67 -5.19515e+06
-3.66 -4.81479e+06
-3.65 -4.46314e+06
-3.64 -4.13796e+06
-3.63 -3.83722e+06
-3.62 -3.55902e+06
-3.61 -3.30162e+06
-3.6 -3.06343e+06
-3.59 -2.84297e+06
-3.58 -2.63888e+06
-3.57 -2.44991e+06
-3.56 -2.27491e+06
-3.55 -2.11282e+06
-3.54 -1.96266e+06
-3.53 -1.82351e+06
-3.52 -1.69456e+06
-3.51 -1.57503e+06
-3.5 -1.46421e+06
-3.49 -1.36145e+06
-3.48 -1.26614e+06
-3.47 -1.17774e+06
-3.46 -1.09571e+06
-3.45 -1.01959e+06
-3.44 -948946
-3.43 -883363
-3.42 -822470
-3.41 -765921
-3.4 -713397
-3.39 -664602
-3.38 -619262
-3.37 -577127
-3.36 -537961
-3.35 -501548
-3.34 -467690
-3.33 -436201
-3.32 -406910
-3.31 -379658
-3.3 -354299
-3.29 -330696
-3.28 -308725
-3.27 -288269
-3.26 -269220
-3.25 -251477
-3.24 -234948
-3.23 -219548
-3.22 -205196
-3.21 -191819
-3.2 -179348
-3.19 -167719
-3.18 -156875
-3.17 -146759
-3.16 -137322
-3.15 -128516
-3.14 -120298
-3.13 -112627
-3.12 -105464
-3.11 -98776.5
-3.1 -92530.2
-3.09 -86695.3
-3.08 -81243.7
-3.07 -76149.4
-3.06 -71388.1
-3.05 -66937.1
-3.04 -62775.5
-3.03 -58883.8
-3.02 -55243.8
-3.01 -51838.6
-3 -48652.5
-2.99 -45670.9
-2.98 -42880.1
-2.97 -40267.4
-2.96 -37821
-2.95 -35530
-2.94 -33384
-2.93 -31373.6
-2.92 -29489.8
-2.91 -27724.3
-2.9 -26069.4
-2.89 -24517.9
-2.88 -23063.1
-2.87 -21698.7
-2.86 -20418.9
-2.85 -19218.1
-2.84 -18091.3
-2.83 -17033.8
-2.82 -16041.2
-2.81 -15109.2
-2.8 -14234
-2.79 -13412
-2.78 -12639.9
-2.77 -11914.4
-2.76 -11232.7
-2.75 -10592
-2.74 -9989.66
-2.73 -9423.35
-2.72 -8890.8
-2.71 -8389.91
-2.7 -7918.72
-2.69 -7475.38
-2.68 -7058.18
-2.67 -6665.5
-2.66 -6295.84
-2.65 -5947.79
-2.64 -5620.02
-2.63 -5311.3
-2.62 -5020.47
-2.61 -4746.45
-2.6 -4488.21
-2.59 -4244.81
-2.58 -4015.35
-2.57 -3799
-2.56 -3594.97
-2.55 -3402.53
-2.54 -3220.98
-2.53 -3049.68
-2.52 -2888.03
-2.51 -2735.45
-2.5 -2591.4
-2.49 -2455.4
-2.48 -2326.95
-2.47 -2205.64
-2.46 -2091.03
-2.45 -1982.74
-2.44 -1880.4
-2.43 -1783.68
-2.42 -1692.23
-2.41 -1605.77
-2.4 -1524.01
-2.39 -1446.67
-2.38 -1373.51
-2.37 -1304.29
-2.36 -1238.78
-2.35 -1176.77
-2.34 -1118.07
-2.33 -1062.5
-2.32 -1009.87
-2.31 -960.016
-2.3 -912.793
-2.29 -868.049
-2.28 -825.649
-2.27 -785.461
-2.26 -747.364
-2.25 -711.244
-2.24 -676.991
-2.23 -644.504
-2.22 -613.686
-2.21 -584.447
-2.2 -556.7
-2.19 -530.367
-2.18 -505.369
-2.17 -481.636
-2.16 -459.099
-2.15 -437.695
-2.14 -417.364
-2.13 -398.048
-2.12 -379.693
-2.11 -362.249
-2.1 -345.668
-2.09 -329.904
-2.08 -314.915
-2.07 -300.66
-2.06 -287.102
-2.05 -274.203
-2.04 -261.929
-2.03 -250.249
-2.02 -239.132
-2.01 -228.549
-2 -218.473
-1.99 -208.877
-1.98 -199.738
-1.97 -191.032
-1.96 -182.737
-1.95 -174.833
-1.94 -167.3
-1.93 -160.119
-1.92 -153.273
-1.91 -146.745
-1.9 -140.519
-1.89 -134.58
-1.88 -128.915
-1.87 -123.51
-1.86 -118.351
-1.85 -113.427
-1.84 -108.727
-1.83 -104.239
-1.82 -99.9534
-1.81 -95.8603
-1.8 -91.9504
-1.79 -88.2149
-1.78 -84.6455
-1.77 -81.2341
-1.76 -77.9734
-1.75 -74.8561
-1.74 -71.8754
-1.73 -69.025
-1.72 -66.2986
-1.71 -63.6905
-1.7 -61.1952
-1.69 -58.8073
-1.68 -56.522
-1.67 -54.3344
-1.66 -52.24
-1.65 -50.2346
-1.64 -48.3141
-1.63 -46.4745
-1.62 -44.7123
-1.61 -43.0238
-1.6 -41.4058
-1.59 -39.8551
-1.58 -38.3686
-1.57 -36.9434
-1.56 -35.5769
-1.55 -34.2663
-1.54 -33.0092
-1.53 -31.8033
-1.52 -30.6463
-1.51 -29.536
-1.5 -28.4703
-1.49 -27.4474
-1.48 -26.4653
-1.47 -25.5223
-1.46 -24.6167
-1.45 -23.7469
-1.44 -22.9113
-1.43 -22.1084
-1.42 -21.3369
-1.41 -20.5954
-1.4 -19.8827
-1.39 -19.1975
-1.38 -18.5386
-1.37 -17.9051
-1.36 -17.2957
-1.35 -16.7094
-1.34 -16.1454
-1.33 -15.6027
-1.32 -15.0804
-1.31 -14.5776
-1.3 -14.0936
-1.29 -13.6276
-1.28 -13.1789
-1.27 -12.7467
-1.26 -12.3304
-1.25 -11.9293
-1.24 -11.5428
-1.23 -11.1703
-1.22 -10.8114
-1.21 -10.4653
-1.2 -10.1317
-1.19 -9.80993
-1.18 -9.49965
-1.17 -9.20036
-1.16 -8.91163
-1.15 -8.63305
-1.14 -8.36421
-1.13 -8.10475
-1.12 -7.85429
-1.11 -7.61248
-1.1 -7.379
-1.09 -7.15352
-1.08 -6.93573
-1.07 -6.72534
-1.06 -6.52206
-1.05 -6.32564
-1.04 -6.1358
-1.03 -5.95229
-1.02 -5.77489
-1.01 -5.60335
-1 -5.43747
-0.99 -5.27702
-0.98 -5.12181
-0.97 -4.97164
-0.96 -4.82633
-0.95 -4.68569
-0.94 -4.54956
-0.93 -4.41777
-0.92 -4.29015
-0.91 -4.16656
-0.9 -4.04686
-0.89 -3.93089
-0.88 -3.81853
-0.87 -3.70964
-0.86 -3.60411
-0.85 -3.5018
-0.84 -3.4026
-0.83 -3.30641
-0.82 -3.21312
-0.81 -3.12261
-0.8 -3.0348
-0.79 -2.94959
-0.78 -2.86689
-0.77 -2.7866
-0.76 -2.70865
-0.75 -2.63294
-0.74 -2.55941
-0.73 -2.48798
-0.72 -2.41857
-0.71 -2.35112
-0.7 -2.28555
-0.69 -2.22179
-0.68 -2.1598
-0.67 -2.0995
-0.66 -2.04084
-0.65 -1.98376
-0.64 -1.9282
-0.63 -1.87412
-0.62 -1.82146
-0.61 -1.77017
-0.6 -1.72021
-0.59 -1.67153
-0.58 -1.62408
-0.57 -1.57783
-0.56 -1.53273
-0.55 -1.48874
-0.54 -1.44583
-0.53 -1.40395
-0.52 -1.36307
-0.51 -1.32316
-0.5 -1.28418
-0.49 -1.24609
-0.48 -1.20888
-0.47 -1.1725
-0.46 -1.13693
-0.45 -1.10214
-0.44 -1.0681
-0.43 -1.03478
-0.42 -1.00216
-0.41 -0.970213
-0.4 -0.938913
-0.39 -0.908236
-0.38 -0.878159
-0.37 -0.848661
-0.36 -0.819718
-0.35 -0.791309
-0.34 -0.763414
-0.33 -0.736012
-0.32 -0.709085
-0.31 -0.682612
-0.3 -0.656574
-0.29 -0.630954
-0.28 -0.605735
-0.27 -0.580897
-0.26 -0.556426
-0.25 -0.532303
-0.24 -0.508513
-0.23 -0.485039
-0.22 -0.461867
-0.21 -0.438982
-0.2 -0.416367
-0.19 -0.394009
-0.18 -0.371893
-0.17 -0.350005
-0.16 -0.328331
-0.15 -0.306858
-0.14 -0.285571
-0.13 -0.264458
-0.12 -0.243506
-0.11 -0.222701
-0.1 -0.20203
-0.09 -0.181482
-0.08 -0.161043
-0.07 -0.140702
-0.06 -0.120445
-0.05 -0.10026
-0.04 -0.0801361
-0.03 -0.06006
-0.02 -0.04002
-0.01 -0.020004
0 0
0.01 0.020004
0.02 0.04002
0.03 0.06006
0.04 0.0801361
0.05 0.10026
0.06 0.120445
0.07 0.140702
0.08 0.161043
0.09 0.181482
0.1 0.20203
0.11 0.222701
0.12 0.243506
0.13 0.264458
0.14 0.285571
0.15 0.306858
0.16 0.328331
0.17 0.350005
0.18 0.371893
0.19 0.394009
0.2 0.416367
0.21 0.438982
0.22 0.461867
0.23 0.485039
0.24 0.508513
0.25 0.532303
0.26 0.556426
0.27 0.580897
0.28 0.605735
0.29 0.630954
0.3 0.656574
0.31 0.682612
0.32 0.709085
0.33 0.736012
0.34 0.763414
0.35 0.791309
0.36 0.819718
0.37 0.848661
0.38 0.878159
0.39 0.908236
0.4 0.938913
0.41 0.970213
0.42 1.00216
0.43 1.03478
0.44 1.0681
0.45 1.10214
0.46 1.13693
0.47 1.1725
0.48 1.20888
0.49 1.24609
0.5 1.28418
0.51 1.32316
0.52 1.36307
0.53 1.40395
0.54 1.44583
0.55 1.48874
0.56 1.53273
0.57 1.57783
0.58 1.62408
0.59 1.67153
0.6 1.72021
0.61 1.77017
0.62 1.82146
0.63 1.87412
0.64 1.9282
0.65 1.98376
0.66 2.04084
0.67 2.0995
0.68 2.1598
0.69 2.22179
0.7 2.28555
0.71 2.35112
0.72 2.41857
0.73 2.48798
0.74 2.55941
0.75 2.63294
0.76 2.70865
0.77 2.7866
0.78 2.86689
0.79 2.94959
0.8 3.0348
0.81 3.12261
0.82 3.21312
0.83 3.30641
0.84 3.4026
0.85 3.5018
0.86 3.60411
0.87 3.70964
0.88 3.81853
0.89 3.93089
0.9 4.04686
0.91 4.16656
0.92 4.29015
0.93 4.41777
0.94 4.54956
0.95 4.68569
0.96 4.82633
0.97 4.97164
0.98 5.12181
0.99 5.27702
1 5.43747
1.01 5.60335
1.02 5.77489
1.03 5.95229
1.04 6.1358
1.05 6.32564
1.06 6.52206
1.07 6.72534
1.08 6.93573
1.09 7.15352
1.1 7.379
1.11 7.61248
1.12 7.85429
1.13 8.10475
1.14 8.36421
1.15 8.63305
1.16 8.91163
1.17 9.20036
1.18 9.49965
1.19 9.80993
1.2 10.1317
1.21 10.4653
1.22 10.8114
1.23 11.1703
1.24 11.5428
1.25 11.9293
1.26 12.3304
1.27 12.7467
1.28 13.1789
1.29 13.6276
1.3 14.0936
1.31 14.5776
1.32 15.0804
1.33 15.6027
1.34 16.1454
1.35 16.7094
1.36 17.2957
1.37 17.9051
1.38 18.5386
1.39 19.1975
1.4 19.8827
1.41 20.5954
1.42 21.3369
1.43 22.1084
1.44 22.9113
1.45 23.7469
1.46 24.6167
1.47 25.5223
1.48 26.4653
1.49 27.4474
1.5 28.4703
1.51 29.536
1.52 30.6463
1.53 31.8033
1.54 33.0092
1.55 34.2663
1.56 35.5769
1.57 36.9434
1.58 38.3686
1.59 39.8551
1.6 41.4058
1.61 43.0238
1.62 44.7123
1.63 46.4745
1.64 48.3141
1.65 50.2346
1.66 52.24
1.67 54.3344
1.68 56.522
1.69 58.8073
1.7 61.1952
1.71 63.6905
1.72 66.2986
1.73 69.025
1.74 71.8754
1.75 74.8561
1.76 77.9734
1.77 81.2341
1.78 84.6455
1.79 88.2149
1.8 91.9504
1.81 95.8603
1.82 99.9534
1.83 104.239
1.84 108.727
1.85 113.427
1.86 118.351
1.87 123.51
1.88 128.915
1.89 134.58
1.9 140.519
1.91 146.745
1.92 153.273
1.93 160.119
1.94 167.3
1.95 174.833
1.96 182.737
1.97 191.032
1.98 199.738
1.99 208.877
2 218.473
2.01 228.549
2.02 239.132
2.03 250.249
2.04 261.929
2.05 274.203
2.06 287.102
2.07 300.66
2.08 314.915
2.09 329.904
2.1 345.668
2.11 362.249
2.12 379.693
2.13 398.048
2.14 417.364
2.15 437.695
2.16 459.099
2.17 481.636
2.18 505.369
2.19 530.367
2.2 556.7
2.21 584.447
2.22 613.686
2.23 644.504
2.24 676.991
2.25 711.244
2.26 747.364
2.27 785.461
2.28 825.649
2.29 868.049
2.3 912.793
2.31 960.016
2.32 1009.87
2.33 1062.5
2.34 1118.07
2.35 1176.77
2.36 1238.78
2.37 1304.29
2.38 1373.51
2.39 1446.67
2.4 1524.01
2.41 1605.77
2.42 1692.23
2.43 1783.68
2.44 1880.4
2.45 1982.74
2.46 2091.03
2.47 2205.64
2.48 2326.95
2.49 2455.4
2.5 2591.4
2.51 2735.45
2.52 2888.03
2.53 3049.68
2.54 3220.98
2.55 3402.53
2.56 3594.97
2.57 3799
2.58 4015.35
2.59 4244.81
2.6 4488.21
2.61 4746.45
2.62 5020.47
2.63 5311.3
2.64 5620.02
2.65 5947.79
2.66 6295.84
2.67 6665.5
2.68 7058.18
2.69 7475.38
2.7 7918.72
2.71 8389.91
2.72 8890.8
2.73 9423.35
2.74 9989.66
2.75 10592
2.76 11232.7
2.77 11914.4
2.78 12639.9
2.79 13412
2.8 14234
2.81 15109.2
2.82 16041.2
2.83 17033.8
2.84 18091.3
2.85 19218.1
2.86 20418.9
2.87 21698.7
2.88 23063.1
2.89 24517.9
2.9 26069.4
2.91 27724.3
2.92 29489.8
2.93 31373.6
2.94 33384
2.95 35530
2.96 37821
2.97 40267.4
2.98 42880.1
2.99 45670.9
3 48652.5
3.01 51838.6
3.02 55243.8
3.03 58883.8
3.04 62775.5
3.05 66937.1
3.06 71388.1
3.07 76149.4
3.08 81243.7
3.09 86695.3
3.1 92530.2
3.11 98776.5
3.12 105464
3.13 112627
3.14 120298
3.15 128516
3.16 137322
3.17 146759
3.18 156875
3.19 167719
3.2 179348
3.21 191819
3.22 205196
3.23 219548
3.24 234948
3.25 251477
3.26 269220
3.27 288269
3.28 308725
3.29 330696
3.3 354299
3.31 379658
3.32 406910
3.33 436201
3.34 467690
3.35 501548
3.36 537961
3.37 577127
3.38 619262
3.39 664602
3.4 713397
3.41 765921
3.42 822470
3.43 883363
3.44 948946
3.45 1.01959e+06
3.46 1.09571e+06
3.47 1.17774e+06
3.48 1.26614e+06
3.49 1.36145e+06
3.5 1.46421e+06
3.51 1.57503e+06
3.52 1.69456e+06
3.53 1.82351e+06
3.54 1.96266e+06
3.55 2.11282e+06
3.56 2.27491e+06
3.57 2.44991e+06
3.58 2.63888e+06
3.59 2.84297e+06
3.6 3.06343e+06
3.61 3.30162e+06
3.62 3.55902e+06
3.63 3.83722e+06
3.64 4.13796e+06
3.65 4.46314e+06
3.66 4.81479e+06
3.67 5.19515e+06
3.68 5.60664e+06
3.69 6.05189e+06
3.7 6.53376e+06
3.71 7.05535e+06
3.72 7.62005e+06
3.73 8.23153e+06
3.74 8.8938e+06
3.75 9.61121e+06
3.76 1.03885e+07
3.77 1.12308e+07
3.78 1.21437e+07
3.79 1.31334e+07
3.8 1.42065e+07
3.81 1.53702e+07
3.82 1.66325e+07
3.83 1.80019e+07
3.84 1.94879e+07
3.85 2.11005e+07
3.86 2.2851e+07
3.87 2.47516e+07
3.88 2.68154e+07
3.89 2.90569e+07
3.9 3.14918e+07
3.91 3.41374e+07
3.92 3.70124e+07
3.93 4.01373e+07
3.94 4.35344e+07
3.95 4.72282e+07
3.96 5.12454e+07
3.97 5.5615e+07
3.98 6.03689e+07
3.99 6.55419e+07
4 7.11719e+07
4.01 7.73004e+07
4.02 8.3973e+07
4.03 9.12393e+07
4.04 9.91535e+07
4.05 1.07775e+08
4.06 1.17169e+08
4.07 1.27407e+08
4.08 1.38565e+08
4.09 1.50731e+08
4.1 1.63996e+08
4.11 1.78464e+08
4.12 1.94245e+08
4.13 2.11463e+08
4.14 2.30252e+08
4.15 2.50759e+08
4.16 2.73146e+08
4.17 2.97588e+08
4.18 3.24282e+08
4.19 3.53438e+08
4.2 3.8529e+08
4.21 4.20095e+08
4.22 4.58133e+08
4.23 4.99712e+08
4.24 5.4517e+08
4.25 5.9488e+08
4.26 6.49248e+08
4.27 7.08724e+08
4.28 7.73798e+08
4.29 8.45011e+08
4.3 9.22958e+08
4.31 1.00829e+09
4.32 1.10173e+09
4.33 1.20406e+09
4.34 1.31615e+09
4.35 1.43896e+09
4.36 1.57353e+09
4.37 1.72102e+09
4.38 1.8827e+09
4.39 2.05998e+09
4.4 2.25438e+09
4.41 2.46762e+09
4.42 2.70154e+09
4.43 2.95822e+09
4.44 3.23992e+09
4.45 3.54914e+09
4.46 3.88863e+09
4.47 4.26142e+09
4.48 4.67085e+09
4.49 5.12063e+09
4.5 5.61481e+09
4.51 6.15789e+09
4.52 6.75481e+09
4.53 7.41104e+09
4.54 8.13261e+09
4.55 8.92618e+09
4.56 9.79909e+09
4.57 1.07595e+10
4.58 1.18163e+10
4.59 1.29794e+10
4.6 1.42599e+10
4.61 1.56696e+10
4.62 1.72222e+10
4.63 1.89323e+10
4.64 2.08162e+10
4.65 2.2892e+10
4.66 2.51799e+10
4.67 2.77017e+10
4.68 3.04821e+10
4.69 3.35481e+10
4.7 3.69297e+10
4.71 4.06601e+10
4.72 4.47761e+10
4.73 4.93184e+10
4.74 5.43321e+10
4.75 5.98673e+10
4.76 6.59792e+10
4.77 7.27293e+10
4.78 8.01857e+10
4.79 8.84238e+10
4.8 9.75273e+10
4.81 1.07589e+11
4.82 1.18712e+11
4.83 1.31011e+11
4.84 1.44612e+11
4.85 1.59657e+11
4.86 1.76301e+11
4.87 1.94719e+11
4.88 2.15102e+11
4.89 2.37666e+11
4.9 2.62649e+11
4.91 2.90314e+11
4.92 3.20956e+11
4.93 3.54901e+11
4.94 3.92514e+11
4.95 4.34199e+11
4.96 4.80404e+11
4.97 5.3163e+11
4.98 5.88434e+11
4.99 6.51434e+11
5 7.21322e+11
5.01 7.98863e+11
5.02 8.84914e+11
5.03 9.80426e+11
5.04 1.08646e+12
5.05 1.2042e+12
5.06 1.33496e+12
5.07 1.4802e+12
5.08 1.64158e+12
5.09 1.8209e+12
5.1 2.02021e+12
5.11 2.24177e+12
5.12 2.48812e+12
5.13 2.76208e+12
5.14 3.06682e+12
5.15 3.40584e+12
5.16 3.78307e+12
5.17 4.20292e+12
5.18 4.67028e+12
5.19 5.19063e+12
5.2 5.77008e+12
5.21 6.41549e+12
5.22 7.13448e+12
5.23 7.93561e+12
5.24 8.82843e+12
5.25 9.82363e+12
5.26 1.09332e+13
5.27 1.21704e+13
5.28 1.35503e+13
5.29 1.50897e+13
5.3 1.68072e+13
5.31 1.87238e+13
5.32 2.08632e+13
5.33 2.32515e+13
5.34 2.59184e+13
5.35 2.88968e+13
5.36 3.22238e+13
5.37 3.59409e+13
5.38 4.00947e+13
5.39 4.47373e+13
5.4 4.99273e+13
5.41 5.57304e+13
5.42 6.22202e+13
5.43 6.94794e+13
5.44 7.76008e+13
5.45 8.66885e+13
5.46 9.68595e+13
5.47 1.08245e+14
5.48 1.20993e+14
5.49 1.35269e+14
5.5 1.51258e+14
5.51 1.69172e+14
5.52 1.89243e+14
5.53 2.11738e+14
5.54 2.36954e+14
5.55 2.65225e+14
5.56 2.96926e+14
5.57 3.32483e+14
5.58 3.72371e+14
5.59 4.17126e+14
5.6 4.67352e+14
5.61 5.23729e+14
5.62 5.87022e+14
5.63 6.58094e+14
5.64 7.37916e+14
5.65 8.27583e+14
5.66 9.28328e+14
5.67 1.04154e+15
5.68 1.16879e+15
5.69 1.31185e+15
5.7 1.47271e+15
5.71 1.65361e+15
5.72 1.85711e+15
5.73 2.08605e+15
5.74 2.34369e+15
5.75 2.63366e+15
5.76 2.96009e+15
5.77 3.32763e+15
5.78 3.74155e+15
5.79 4.20779e+15
5.8 4.73305e+15
5.81 5.32494e+15
5.82 5.99202e+15
5.83 6.744e+15
5.84 7.59184e+15
5.85 8.54796e+15
5.86 9.62639e+15
5.87 1.0843e+16
5.88 1.22158e+16
5.89 1.37651e+16
5.9 1.5514e+16
5.91 1.74885e+16
5.92 1.97182e+16
5.93 2.22366e+16
5.94 2.50815e+16
5.95 2.8296e+16
5.96 3.19288e+16
5.97 3.60351e+16
5.98 4.06775e+16
5.99 4.5927e+16
6 5.18642e+16
6.01 5.85805e+16
6.02 6.61796e+16
6.03 7.47793e+16
6.04 8.4513e+16
6.05 9.55326e+16
6.06 1.0801e+17
6.07 1.22142e+17
6.08 1.3815e+17
6.09 1.56286e+17
6.1 1.76839e+17
6.11 2.00134e+17
6.12 2.26542e+17
6.13 2.56485e+17
6.14 2.90443e+17
6.15 3.28962e+17
6.16 3.72664e+17
6.17 4.22254e+17
6.18 4.78537e+17
6.19 5.4243e+17
6.2 6.14975e+17
6.21 6.9736e+17
6.22 7.90937e+17
6.23 8.97249e+17
6.24 1.01805e+18
6.25 1.15535e+18
6.26 1.31142e+18
6.27 1.48886e+18
6.28 1.69065e+18
6.29 1.92017e+18
6.3 2.18128e+18
6.31 2.47838e+18
6.32 2.8165e+18
6.33 3.20139e+18
6.34 3.6396e+18
6.35 4.1386e+18
6.36 4.70694e+18
6.37 5.3544e+18
6.38 6.09212e+18
6.39 6.93285e+18
6.4 7.89116e+18
6.41 8.98371e+18
6.42 1.02295e+19
6.43 1.16505e+19
6.44 1.32713e+19
6.45 1.51207e+19
6.46 1.72313e+19
6.47 1.96402e+19
6.48 2.23904e+19
6.49 2.55308e+19
6.5 2.91173e+19
6.51 3.32142e+19
6.52 3.78951e+19
6.53 4.32442e+19
6.54 4.93581e+19
6.55 5.63476e+19
6.56 6.43395e+19
6.57 7.34794e+19
6.58 8.39344e+19
6.59 9.58958e+19
6.6 1.09584e+20
6.61 1.2525e+20
6.62 1.43184e+20
6.63 1.63719e+20
6.64 1.87235e+20
6.65 2.14172e+20
6.66 2.45032e+20
6.67 2.80395e+20
6.68 3.20925e+20
6.69 3.67385e+20
6.7 4.20655e+20
6.71 4.81745e+20
6.72 5.51815e+20
6.73 6.32202e+20
6.74 7.24442e+20
6.75 8.30305e+20
6.76 9.51827e+20
6.77 1.09135e+21
6.78 1.25157e+21
6.79 1.4356e+21
6.8 1.64701e+21
6.81 1.88993e+21
6.82 2.16911e+21
6.83 2.49003e+21
6.84 2.85898e+21
6.85 3.28325e+21
6.86 3.77124e+21
6.87 4.3326e+21
6.88 4.97852e+21
6.89 5.72186e+21
6.9 6.57749e+21
6.91 7.56257e+21
6.92 8.6969e+21
6.93 1.00033e+22
6.94 1.15083e+22
6.95 1.32423e+22
6.96 1.52407e+22
6.97 1.7544e+22
6.98 2.01994e+22
6.99 2.32614e+22
7 2.67928e+22
7.01 3.08665e+22
7.02 3.55666e+22
7.03 4.09905e+22
7.04 4.72508e+22
7.05 5.44781e+22
7.06 6.28233e+22
7.07 7.24612e+22
7.08 8.35942e+22
7.09 9.64567e+22
7.1 1.1132e+23
7.11 1.285e+23
7.12 1.48361e+23
7.13 1.71324e+23
7.14 1.97882e+23
7.15 2.28601e+23
7.16 2.64142e+23
7.17 3.05268e+23
7.18 3.52868e+23
7.19 4.07971e+23
7.2 4.71772e+23
7.21 5.45658e+23
7.22 6.31241e+23
7.23 7.30392e+23
7.24 8.45285e+23
7.25 9.78444e+23
7.26 1.1328e+24
7.27 1.31178e+24
7.28 1.51933e+24
7.29 1.76006e+24
7.3 2.03935e+24
7.31 2.36342e+24
7.32 2.73953e+24
7.33 3.17612e+24
7.34 3.68302e+24
7.35 4.27167e+24
7.36 4.95538e+24
7.37 5.74966e+24
7.38 6.67258e+24
7.39 7.74518e+24
7.4 8.99198e+24
7.41 1.04416e+25
7.42 1.21272e+25
7.43 1.40878e+25
7.44 1.63686e+25
7.45 1.90224e+25
7.46 2.21108e+25
7.47 2.57058e+25
7.48 2.98912e+25
7.49 3.4765e+25
7.5 4.04414e+25
7.51 4.70541e+25
7.52 5.47588e+25
7.53 6.37378e+25
7.54 7.42037e+25
7.55 8.64054e+25
7.56 1.00633e+26
7.57 1.17227e+26
7.58 1.36585e+26
7.59 1.5917e+26
7.6 1.85527e+26
7.61 2.16291e+26
7.62 2.52207e+26
7.63 2.94144e+26
7.64 3.43124e+26
7.65 4.00338e+26
7.66 4.67185e+26
7.67 5.45302e+26
7.68 6.36608e+26
7.69 7.43349e+26
7.7 8.68159e+26
7.71 1.01413e+27
7.72 1.18487e+27
7.73 1.38464e+27
7.74 1.61841e+27
7.75 1.89202e+27
7.76 2.21232e+27
7.77 2.58737e+27
7.78 3.02659e+27
7.79 3.54108e+27
7.8 4.14385e+27
7.81 4.85019e+27
7.82 5.67805e+27
7.83 6.64853e+27
7.84 7.78643e+27
7.85 9.1209e+27
7.86 1.06862e+28
7.87 1.25226e+28
7.88 1.46775e+28
7.89 1.72066e+28
7.9 2.01755e+28
7.91 2.36614e+28
7.92 2.77551e+28
7.93 3.25635e+28
7.94 3.82125e+28
7.95 4.48504e+28
7.96 5.26517e+28
7.97 6.18224e+28
7.98 7.26047e+28
7.99 8.52845e+28
8 1.00199e+29
8.01 1.17744e+29
8.02 1.3839e+29
8.03 1.62687e+29
8.04 1.91289e+29
8.05 2.24964e+29
8.06 2.64619e+29
8.07 3.11326e+29
8.08 3.6635e+29
8.09 4.31185e+29
8.1 5.07595e+29
8.11 5.97664e+29
8.12 7.03854e+29
8.13 8.29077e+29
8.14 9.76772e+29
8.15 1.15101e+30
8.16 1.35659e+30
8.17 1.59921e+30
8.18 1.88559e+30
8.19 2.22371e+30
8.2 2.62297e+30
8.21 3.09453e+30
8.22 3.6516e+30
8.23 4.3098e+30
8.24 5.08766e+30
8.25 6.00709e+30
8.26 7.0941e+30
8.27 8.37947e+30
8.28 9.89969e+30
8.29 1.1698e+31
8.3 1.38258e+31
8.31 1.63439e+31
8.32 1.93244e+31
8.33 2.28529e+31
8.34 2.70312e+31
8.35 3.19797e+31
8.36 3.78416e+31
8.37 4.47868e+31
8.38 5.30174e+31
8.39 6.27729e+31
8.4 7.43383e+31
8.41 8.80519e+31
8.42 1.04316e+32
8.43 1.23609e+32
8.44 1.46499e+32
8.45 1.73663e+32
8.46 2.05904e+32
8.47 2.44179e+32
8.48 2.89627e+32
8.49 3.43602e+32
8.5 4.07717e+32
8.51 4.83891e+32
8.52 5.74411e+32
8.53 6.82e+32
8.54 8.09902e+32
8.55 9.61981e+32
8.56 1.14284e+33
8.57 1.35798e+33
8.58 1.61394e+33
8.59 1.91852e+33
8.6 2.28103e+33
8.61 2.71258e+33
8.62 3.22642e+33
8.63 3.83835e+33
8.64 4.56726e+33
8.65 5.43566e+33
8.66 6.47047e+33
8.67 7.7038e+33
8.68 9.17405e+33
8.69 1.09271e+34
8.7 1.30176e+34
8.71 1.55112e+34
8.72 1.84862e+34
8.73 2.20361e+34
8.74 2.62729e+34
8.75 3.13305e+34
8.76 3.73692e+34
8.77 4.45806e+34
8.78 5.31942e+34
8.79 6.34847e+34
8.8 7.5781e+34
8.81 9.0477e+34
8.82 1.08044e+35
8.83 1.29048e+35
8.84 1.54166e+35
8.85 1.84209e+35
8.86 2.20151e+35
8.87 2.63158e+35
8.88 3.14628e+35
8.89 3.76241e+35
8.9 4.50008e+35
8.91 5.38345e+35
8.92 6.44151e+35
8.93 7.70906e+35
8.94 9.22786e+35
8.95 1.10481e+36
8.96 1.323e+36
8.97 1.58459e+36
8.98 1.89829e+36
8.99 2.27454e+36
9 2.72591e+36
9.01 3.2675e+36
9.02 3.91747e+36
9.03 4.69767e+36
9.04 5.63437e+36
9.05 6.75919e+36
9.06 8.11017e+36
9.07 9.73312e+36
9.08 1.16832e+37
9.09 1.40267e+37
9.1 1.68436e+37
9.11 2.02303e+37
9.12 2.43028e+37
9.13 2.92009e+37
9.14 3.50932e+37
9.15 4.21828e+37
9.16 5.07148e+37
9.17 6.09846e+37
9.18 7.33486e+37
9.19 8.82368e+37
9.2 1.06168e+38
9.21 1.27769e+38
9.22 1.53795e+38
9.23 1.85159e+38
9.24 2.22964e+38
9.25 2.68541e+38
9.26 3.235e+38
9.27 3.89783e+38
9.28 4.6974e+38
9.29 5.66212e+38
9.3 6.82633e+38
9.31 8.23155e+38
9.32 9.92801e+38
9.33 1.19765e+39
9.34 1.44505e+39
9.35 1.7439e+39
9.36 2.10498e+39
9.37 2.54133e+39
9.38 3.06874e+39
9.39 3.70634e+39
9.4 4.47731e+39
9.41 5.40972e+39
9.42 6.53761e+39
9.43 7.90224e+39
9.44 9.5536e+39
9.45 1.15524e+40
9.46 1.39721e+40
9.47 1.6902e+40
9.48 2.04503e+40
9.49 2.47485e+40
9.5 2.9956e+40
9.51 3.62665e+40
9.52 4.39151e+40
9.53 5.31874e+40
9.54 6.44302e+40
9.55 7.80651e+40
9.56 9.46042e+40
9.57 1.1467e+41
9.58 1.3902e+41
9.59 1.68574e+41
9.6 2.04451e+41
9.61 2.48013e+41
9.62 3.00917e+41
9.63 3.65179e+41
9.64 4.43251e+41
9.65 5.38123e+41
9.66 6.5343e+41
9.67 7.93603e+41
9.68 9.64037e+41
9.69 1.17131e+42
9.7 1.42342e+42
9.71 1.73015e+42
9.72 2.10339e+42
9.73 2.55765e+42
9.74 3.11065e+42
9.75 3.78396e+42
9.76 4.60392e+42
9.77 5.60268e+42
9.78 6.81947e+42
9.79 8.30216e+42
9.8 1.01092e+43
9.81 1.23121e+43
9.82 1.4998e+43
9.83 1.82734e+43
9.84 2.22686e+43
9.85 2.71426e+43
9.86 3.309e+43
9.87 4.03487e+43
9.88 4.92094e+43
9.89 6.00279e+43
9.9 7.32394e+43
9.91 8.93764e+43
9.92 1.09091e+44
9.93 1.3318e+44
9.94 1.6262e+44
9.95 1.98609e+44
9.96 2.4261e+44
9.97 2.96418e+44
9.98 3.62233e+44
9.99 4.42749e+44
10 5.41269e+44
10.01 6.61843e+44
10.02 8.09438e+44
10.03 9.90145e+44
10.04 1.21144e+45
10.05 1.48248e+45
10.06 1.81452e+45
10.07 2.22138e+45
10.08 2.72001e+45
10.09 3.33123e+45
10.1 4.0806e+45
10.11 4.99955e+45
10.12 6.12666e+45
10.13 7.50937e+45
10.14 9.20596e+45
10.15 1.12881e+46
10.16 1.3844e+46
10.17 1.69819e+46
10.18 2.08352e+46
10.19 2.55679e+46
10.2 3.13819e+46
10.21 3.85257e+46
10.22 4.73051e+46
10.23 5.80968e+46
10.24 7.13645e+46
10.25 8.76797e+46
10.26 1.07746e+47
10.27 1.32432e+47
10.28 1.62805e+47
10.29 2.00185e+47
10.3 2.46195e+47
10.31 3.02841e+47
10.32 3.72595e+47
10.33 4.58506e+47
10.34 5.64339e+47
10.35 6.94739e+47
10.36 8.55439e+47
10.37 1.05352e+48
10.38 1.29773e+48
10.39 1.59886e+48
10.4 1.97027e+48
10.41 2.42843e+48
10.42 2.99372e+48
10.43 3.69134e+48
10.44 4.55244e+48
10.45 5.61552e+48
10.46 6.92823e+48
10.47 8.54951e+48
10.48 1.05523e+49
10.49 1.30268e+49
10.5 1.60848e+49
10.51 1.98647e+49
10.52 2.45376e+49
10.53 3.03159e+49
10.54 3.74623e+49
10.55 4.63026e+49
10.56 5.72404e+49
10.57 7.0776e+49
10.58 8.75298e+49
10.59 1.08271e+50
10.6 1.33954e+50
10.61 1.65762e+50
10.62 2.05164e+50
10.63 2.53982e+50
10.64 3.1448e+50
10.65 3.89464e+50
10.66 4.82425e+50
10.67 5.97693e+50
10.68 7.4065e+50
10.69 9.17982e+50
10.7 1.138e+51
10.71 1.41103e+51
10.72 1.74992e+51
10.73 2.17062e+51
10.74 2.69301e+51
10.75 3.34179e+51
10.76 4.14768e+51
10.77 5.14895e+51
10.78 6.3932e+51
10.79 7.93971e+51
10.8 9.86228e+51
10.81 1.22528e+52
10.82 1.52259e+52
10.83 1.89241e+52
10.84 2.35252e+52
10.85 2.92508e+52
10.86 3.63773e+52
10.87 4.52489e+52
10.88 5.62954e+52
10.89 7.00526e+52
10.9 8.7189e+52
10.91 1.08539e+53
10.92 1.35144e+53
10.93 1.68304e+53
10.94 2.09642e+53
10.95 2.61185e+53
10.96 3.25465e+53
10.97 4.05646e+53
10.98 5.05682e+53
10.99 6.30512e+53
11 7.86314e+53
11.01 9.80811e+53
11.02 1.22366e+54
11.03 1.52694e+54
11.04 1.90578e+54
11.05 2.37907e+54
11.06 2.9705e+54
11.07 3.70969e+54
11.08 4.63374e+54
11.09 5.78913e+54
11.1 7.23404e+54
11.11 9.04139e+54
11.12 1.13025e+55
11.13 1.4132e+55
11.14 1.76733e+55
11.15 2.21064e+55
11.16 2.7657e+55
11.17 3.46081e+55
11.18 4.33149e+55
11.19 5.42231e+55
11.2 6.78918e+55
11.21 8.5023e+55
11.22 1.06498e+56
11.23 1.33424e+56
11.24 1.67191e+56
11.25 2.09546e+56
11.26 2.62683e+56
11.27 3.29359e+56
11.28 4.13043e+56
11.29 5.18092e+56
11.3 6.49987e+56
11.31 8.15623e+56
11.32 1.02367e+57
11.33 1.28505e+57
11.34 1.61348e+57
11.35 2.02625e+57
11.36 2.54514e+57
11.37 3.19753e+57
11.38 4.01796e+57
11.39 5.04989e+57
11.4 6.34812e+57
11.41 7.9817e+57
11.42 1.00376e+58
11.43 1.26257e+58
11.44 1.58842e+58
11.45 1.99876e+58
11.46 2.51561e+58
11.47 3.16674e+58
11.48 3.9872e+58
11.49 5.02123e+58
11.5 6.32468e+58
11.51 7.96809e+58
11.52 1.00405e+59
11.53 1.26545e+59
11.54 1.59521e+59
11.55 2.01132e+59
11.56 2.53646e+59
11.57 3.19936e+59
11.58 4.03631e+59
11.59 5.09321e+59
11.6 6.42815e+59
11.61 8.11459e+59
11.62 1.02455e+60
11.63 1.29386e+60
11.64 1.63429e+60
11.65 2.06469e+60
11.66 2.60896e+60
11.67 3.29737e+60
11.68 4.16826e+60
11.69 5.2702e+60
11.7 6.6648e+60
11.71 8.43011e+60
11.72 1.06651e+61
11.73 1.34954e+61
11.74 1.70801e+61
11.75 2.16214e+61
11.76 2.73755e+61
11.77 3.46679e+61
11.78 4.39116e+61
11.79 5.56311e+61
11.8 7.04925e+61
11.81 8.93418e+61
11.82 1.13254e+62
11.83 1.43594e+62
11.84 1.821e+62
11.85 2.30976e+62
11.86 2.93029e+62
11.87 3.71828e+62
11.88 4.7191e+62
11.89 5.99051e+62
11.9 7.60596e+62
11.91 9.65898e+62
11.92 1.22686e+63
11.93 1.55864e+63
11.94 1.98053e+63
11.95 2.51713e+63
11.96 3.19975e+63
11.97 4.06829e+63
11.98 5.17363e+63
11.99 6.58059e+63
12 8.37185e+63
12.01 1.06528e+64
12.02 1.35579e+64
12.03 1.72588e+64
12.04 2.19741e+64
12.05 2.79834e+64
12.06 3.56432e+64
12.07 4.54087e+64
12.08 5.78612e+64
12.09 7.37433e+64
12.1 9.40036e+64
12.11 1.19854e+65
12.12 1.52844e+65
12.13 1.94953e+65
12.14 2.48713e+65
12.15 3.1736e+65
12.16 4.05036e+65
12.17 5.17037e+65
12.18 6.6014e+65
12.19 8.43019e+65
12.2 1.07677e+66
12.21 1.37562e+66
12.22 1.75776e+66
12.23 2.2465e+66
12.24 2.87171e+66
12.25 3.67165e+66
12.26 4.69535e+66
12.27 6.00568e+66
12.28 7.6832e+66
12.29 9.83125e+66
12.3 1.25824e+67
12.31 1.61065e+67
12.32 2.06219e+67
12.33 2.64084e+67
12.34 3.38253e+67
12.35 4.33339e+67
12.36 5.55265e+67
12.37 7.11639e+67
12.38 9.12233e+67
12.39 1.1696e+68
12.4 1.49988e+68
12.41 1.92381e+68
12.42 2.46806e+68
12.43 3.1669e+68
12.44 4.06443e+68
12.45 5.21737e+68
12.46 6.6987e+68
12.47 8.60232e+68
12.48 1.10491e+69
12.49 1.41947e+69
12.5 1.82394e+69
12.51 2.34413e+69
12.52 3.01329e+69
12.53 3.87423e+69
12.54 4.98215e+69
12.55 6.40818e+69
12.56 8.24402e+69
12.57 1.06079e+70
12.58 1.36524e+70
12.59 1.75741e+70
12.6 2.26268e+70
12.61 2.9138e+70
12.62 3.75305e+70
12.63 4.83498e+70
12.64 6.23006e+70
12.65 8.02927e+70
12.66 1.03501e+71
12.67 1.33445e+71
12.68 1.72087e+71
12.69 2.21961e+71
12.7 2.86348e+71
12.71 3.69485e+71
12.72 4.76856e+71
12.73 6.15551e+71
12.74 7.94744e+71
12.75 1.02631e+72
12.76 1.3256e+72
12.77 1.71252e+72
12.78 2.21282e+72
12.79 2.85984e+72
12.8 3.69679e+72
12.81 4.77963e+72
12.82 6.18088e+72
12.83 7.99452e+72
12.84 1.03424e+73
12.85 1.33825e+73
12.86 1.73197e+73
12.87 2.24196e+73
12.88 2.90271e+73
12.89 3.75895e+73
12.9 4.86873e+73
12.91 6.3074e+73
12.92 8.17283e+73
12.93 1.05921e+74
12.94 1.37302e+74
12.95 1.78016e+74
12.96 2.30848e+74
12.97 2.99421e+74
12.98 3.88439e+74
12.99 5.04024e+74
13 6.54133e+74
13.01 8.49117e+74
13.02 1.10244e+75
13.03 1.43163e+75
13.04 1.85948e+75
13.05 2.41568e+75
13.06 3.13888e+75
13.07 4.07939e+75
13.08 5.30277e+75
13.09 6.89441e+75
13.1 8.96557e+75
13.11 1.16613e+76
13.12 1.51705e+76
13.13 1.97397e+76
13.14 2.56902e+76
13.15 3.34412e+76
13.16 4.35394e+76
13.17 5.66983e+76
13.18 7.38488e+76
13.19 9.62064e+76
13.2 1.25358e+77
13.21 1.63375e+77
13.22 2.12963e+77
13.23 2.77659e+77
13.24 3.62081e+77
13.25 4.72265e+77
13.26 6.16101e+77
13.27 8.03907e+77
13.28 1.04917e+78
13.29 1.36953e+78
13.3 1.78807e+78
13.31 2.33499e+78
13.32 3.0498e+78
13.33 3.98423e+78
13.34 5.206e+78
13.35 6.80379e+78
13.36 8.89373e+78
13.37 1.1628e+79
13.38 1.52058e+79
13.39 1.98885e+79
13.4 2.60185e+79
13.41 3.40446e+79
13.42 4.45554e+79
13.43 5.8323e+79
13.44 7.636e+79
13.45 9.9995e+79
13.46 1.30972e+80
13.47 1.71579e+80
13.48 2.2482e+80
13.49 2.94642e+80
13.5 3.86225e+80
13.51 5.06376e+80
13.52 6.64036e+80
13.53 8.70958e+80
13.54 1.14259e+81
13.55 1.49923e+81
13.56 1.96759e+81
13.57 2.58277e+81
13.58 3.39097e+81
13.59 4.45297e+81
13.6 5.84873e+81
13.61 7.68352e+81
13.62 1.00959e+82
13.63 1.32684e+82
13.64 1.74412e+82
13.65 2.29309e+82
13.66 3.01545e+82
13.67 3.96617e+82
13.68 5.21766e+82
13.69 6.86543e+82
13.7 9.03537e+82
13.71 1.18935e+83
13.72 1.56589e+83
13.73 2.06206e+83
13.74 2.71597e+83
13.75 3.57797e+83
13.76 4.71449e+83
13.77 6.21326e+83
13.78 8.19013e+83
13.79 1.07981e+84
13.8 1.42395e+84
13.81 1.87813e+84
13.82 2.47767e+84
13.83 3.26924e+84
13.84 4.31458e+84
13.85 5.69529e+84
13.86 7.51935e+84
13.87 9.9296e+84
13.88 1.3115e+85
13.89 1.73258e+85
13.9 2.28931e+85
13.91 3.02554e+85
13.92 3.99932e+85
13.93 5.28759e+85
13.94 6.99222e+85
13.95 9.24824e+85
13.96 1.22346e+86
13.97 1.61885e+86
13.98 2.14246e+86
13.99 2.83598e+86
14 3.75474e+86
14.01 4.97215e+86
14.02 6.58559e+86
14.03 8.72433e+86
14.04 1.156e+87
14.05 1.53203e+87
14.06 2.03078e+87
14.07 2.69245e+87
14.08 3.57041e+87
14.09 4.73561e+87
14.1 6.28231e+87
14.11 8.33585e+87
14.12 1.10629e+88
14.13 1.46849e+88
14.14 1.94967e+88
14.15 2.58904e+88
14.16 3.43876e+88
14.17 4.56828e+88
14.18 6.07001e+88
14.19 8.06702e+88
14.2 1.07232e+89
14.21 1.42568e+89
14.22 1.89585e+89
14.23 2.52159e+89
14.24 3.35453e+89
14.25 4.46349e+89
14.26 5.94026e+89
14.27 7.90719e+89
14.28 1.05275e+90
14.29 1.4019e+90
14.3 1.86721e+90
14.31 2.48746e+90
14.32 3.31441e+90
14.33 4.41716e+90
14.34 5.88798e+90
14.35 7.85012e+90
14.36 1.04682e+91
14.37 1.39623e+91
14.38 1.86263e+91
14.39 2.48533e+91
14.4 3.31686e+91
14.41 4.42748e+91
14.42 5.91117e+91
14.43 7.89363e+91
14.44 1.05431e+92
14.45 1.40846e+92
14.46 1.88194e+92
14.47 2.51511e+92
14.48 3.36197e+92
14.49 4.49487e+92
14.5 6.01072e+92
14.51 8.03939e+92
14.52 1.07549e+93
14.53 1.43905e+93
14.54 1.9259e+93
14.55 2.57796e+93
14.56 3.45149e+93
14.57 4.62192e+93
14.58 6.1905e+93
14.59 8.29308e+93
14.6 1.1112e+94
14.61 1.48921e+94
14.62 1.99621e+94
14.63 2.67634e+94
14.64 3.58893e+94
14.65 4.81365e+94
14.66 6.4576e+94
14.67 8.66472e+94
14.68 1.16285e+95
14.69 1.56092e+95
14.7 2.09567e+95
14.71 2.81419e+95
14.72 3.77981e+95
14.73 5.07777e+95
14.74 6.82281e+95
14.75 9.16937e+95
14.76 1.23254e+96
14.77 1.65711e+96
14.78 2.22838e+96
14.79 2.99717e+96
14.8 4.03201e+96
14.81 5.42523e+96
14.82 7.30132e+96
14.83 9.82814e+96
14.84 1.32321e+97
14.85 1.78185e+97
14.86 2.39994e+97
14.87 3.23309e+97
14.88 4.35633e+97
14.89 5.87097e+97
14.9 7.91383e+97
14.91 1.06696e+98
14.92 1.4388e+98
14.93 1.9406e+98
14.94 2.61794e+98
14.95 3.53239e+98
14.96 4.76722e+98
14.97 6.435e+98
14.98 8.68797e+98
14.99 1.17321e+99
15 1.58459e+99
15.01 2.14066e+99
15.02 2.89244e+99
15.03 3.90902e+99
15.04 5.28394e+99
15.05 7.14388e+99
15.06 9.66045e+99
15.07 1.30661e+100
15.08 1.7676e+100
15.09 2.3917e+100
15.1 3.23681e+100
15.11 4.3814e+100
15.12 5.93194e+100
15.13 8.03279e+100
15.14 1.08799e+101
15.15 1.47389e+101
15.16 1.99708e+101
15.17 2.70653e+101
15.18 3.66873e+101
15.19 4.97401e+101
15.2 6.74501e+101
15.21 9.14842e+101
15.22 1.24107e+102
15.23 1.68396e+102
15.24 2.28537e+102
15.25 3.10218e+102
15.26 4.21175e+102
15.27 5.71935e+102
15.28 7.76813e+102
15.29 1.05529e+103
15.3 1.43389e+103
15.31 1.94871e+103
15.32 2.64889e+103
15.33 3.60136e+103
15.34 4.89731e+103
15.35 6.66092e+103
15.36 9.06145e+103
15.37 1.23296e+104
15.38 1.67797e+104
15.39 2.28406e+104
15.4 3.1097e+104
15.41 4.23463e+104
15.42 5.76765e+104
15.43 7.85722e+104
15.44 1.0706e+105
15.45 1.45905e+105
15.46 1.98884e+105
15.47 2.71155e+105
15.48 3.69761e+105
15.49 5.04326e+105
15.5 6.88e+105
15.51 9.38754e+105
15.52 1.28116e+106
15.53 1.7488e+106
15.54 2.38761e+106
15.55 3.26042e+106
15.56 4.45319e+106
15.57 6.08352e+106
15.58 8.31238e+106
15.59 1.13601e+107
15.6 1.55284e+107
15.61 2.12303e+107
15.62 2.90318e+107
15.63 3.9708e+107
15.64 5.43211e+107
15.65 7.43269e+107
15.66 1.01721e+108
15.67 1.39239e+108
15.68 1.90633e+108
15.69 2.61049e+108
15.7 3.57547e+108
15.71 4.89813e+108
15.72 6.71143e+108
15.73 9.19784e+108
15.74 1.26079e+109
15.75 1.72857e+109
15.76 2.37038e+109
15.77 3.25114e+109
15.78 4.46006e+109
15.79 6.11972e+109
15.8 8.39864e+109
15.81 1.15285e+110
15.82 1.58279e+110
15.83 2.17351e+110
15.84 2.98529e+110
15.85 4.10107e+110
15.86 5.63502e+110
15.87 7.74426e+110
15.88 1.06451e+111
15.89 1.46355e+111
15.9 2.01258e+111
15.91 2.76812e+111
15.92 3.80805e+111
15.93 5.23971e+111
15.94 7.21106e+111
15.95 9.92606e+111
15.96 1.3666e+112
15.97 1.88189e+112
15.98 2.59198e+112
15.99 3.57072e+112
16 4.92003e+112
16.01 6.78056e+112
16.02 9.34654e+112
16.03 1.28861e+113
16.04 1.77697e+113
16.05 2.4509e+113
16.06 3.38109e+113
16.07 4.66526e+113
16.08 6.43844e+113
16.09 8.88736e+113
16.1 1.22702e+114
16.11 1.6944e+114
16.12 2.34028e+114
16.13 3.23301e+114
16.14 4.46716e+114
16.15 6.17368e+114
16.16 8.5338e+114
16.17 1.17985e+115
16.18 1.63155e+115
16.19 2.25662e+115
16.2 3.12179e+115
16.21 4.31953e+115
16.22 5.97799e+115
16.23 8.27486e+115
16.24 1.14565e+116
16.25 1.58647e+116
16.26 2.19734e+116
16.27 3.04404e+116
16.28 4.21783e+116
16.29 5.84541e+116
16.3 8.10266e+116
16.31 1.12338e+117
16.32 1.5578e+117
16.33 2.16065e+117
16.34 2.9974e+117
16.35 4.15901e+117
16.36 5.77195e+117
16.37 8.01202e+117
16.38 1.11237e+118
16.39 1.54469e+118
16.4 2.14546e+118
16.41 2.98048e+118
16.42 4.14133e+118
16.43 5.75545e+118
16.44 8.00029e+118
16.45 1.11229e+119
16.46 1.54674e+119
16.47 2.15132e+119
16.48 2.9928e+119
16.49 4.16426e+119
16.5 5.79541e+119
16.51 8.0671e+119
16.52 1.12315e+120
16.53 1.56403e+120
16.54 2.1784e+120
16.55 3.03471e+120
16.56 4.22848e+120
16.57 5.89301e+120
16.58 8.21443e+120
16.59 1.14526e+121
16.6 1.59705e+121
16.61 2.2275e+121
16.62 3.10746e+121
16.63 4.3359e+121
16.64 6.05117e+121
16.65 8.44669e+121
16.66 1.17929e+122
16.67 1.6468e+122
16.68 2.30011e+122
16.69 3.21323e+122
16.7 4.48976e+122
16.71 6.27466e+122
16.72 8.7709e+122
16.73 1.22627e+123
16.74 1.7148e+123
16.75 2.39843e+123
16.76 3.35527e+123
16.77 4.69478e+123
16.78 6.57037e+123
16.79 9.1971e+123
16.8 1.28765e+124
16.81 1.80315e+124
16.82 2.52554e+124
16.83 3.53803e+124
16.84 4.95743e+124
16.85 6.94765e+124
16.86 9.73881e+124
16.87 1.3654e+125
16.88 1.91471e+125
16.89 2.68553e+125
16.9 3.76743e+125
16.91 5.28624e+125
16.92 7.41882e+125
16.93 1.04138e+126
16.94 1.46208e+126
16.95 2.05315e+126
16.96 2.88373e+126
16.97 4.05114e+126
16.98 5.69227e+126
16.99 7.99983e+126
17 1.12451e+127
17.01 1.581e+127
17.02 2.22324e+127
17.03 3.12701e+127
17.04 4.39904e+127
17.05 6.18976e+127
17.06 8.71116e+127
17.07 1.22621e+128
17.08 1.7264e+128
17.09 2.4311e+128
17.1 3.42415e+128
17.11 4.82379e+128
17.12 6.7969e+128
17.13 9.579e+128
17.14 1.35026e+129
17.15 1.9037e+129
17.16 2.68453e+129
17.17 3.78638e+129
17.18 5.34155e+129
17.19 7.53697e+129
17.2 1.06369e+130
17.21 1.50147e+130
17.22 2.11985e+130
17.23 2.99352e+130
17.24 4.22811e+130
17.25 5.97304e+130
17.26 8.4398e+130
17.27 1.19277e+131
17.28 1.68603e+131
17.29 2.38376e+131
17.3 3.3709e+131
17.31 4.76778e+131
17.32 6.74486e+131
17.33 9.5437e+131
17.34 1.35066e+132
17.35 1.9119e+132
17.36 2.70687e+132
17.37 3.83318e+132
17.38 5.4292e+132
17.39 7.6913e+132
17.4 1.08981e+133
17.41 1.5445e+133
17.42 2.18934e+133
17.43 3.10401e+133
17.44 4.4017e+133
17.45 6.24317e+133
17.46 8.85678e+133
17.47 1.25671e+134
17.48 1.78352e+134
17.49 2.53168e+134
17.5 3.59441e+134
17.51 5.10425e+134
17.52 7.24976e+134
17.53 1.02992e+135
17.54 1.46341e+135
17.55 2.07978e+135
17.56 2.95635e+135
17.57 4.20321e+135
17.58 5.97713e+135
17.59 8.50142e+135
17.6 1.20942e+136
17.61 1.72087e+136
17.62 2.4491e+136
17.63 3.4862e+136
17.64 4.96346e+136
17.65 7.06811e+136
17.66 1.00672e+137
17.67 1.43417e+137
17.68 2.04352e+137
17.69 2.91236e+137
17.7 4.15143e+137
17.71 5.91885e+137
17.72 8.4404e+137
17.73 1.20386e+138
17.74 1.71741e+138
17.75 2.45054e+138
17.76 3.49731e+138
17.77 4.99221e+138
17.78 7.12754e+138
17.79 1.01782e+139
17.8 1.45376e+139
17.81 2.07682e+139
17.82 2.96751e+139
17.83 4.24103e+139
17.84 6.06231e+139
17.85 8.66745e+139
17.86 1.23946e+140
17.87 1.77279e+140
17.88 2.53613e+140
17.89 3.62887e+140
17.9 5.19349e+140
17.91 7.43417e+140
17.92 1.06437e+141
17.93 1.52419e+141
17.94 2.1831e+141
17.95 3.12748e+141
17.96 4.48128e+141
17.97 6.42238e+141
17.98 9.20612e+141
17.99 1.31991e+142
18 1.89277e+142
18.01 2.71481e+142
18.02 3.89464e+142
18.03 5.58833e+142
18.04 8.02016e+142
18.05 1.15125e+143
18.06 1.6529e+143
18.07 2.3736e+143
18.08 3.40922e+143
18.09 4.89767e+143
18.1 7.03739e+143
18.11 1.01139e+144
18.12 1.45383e+144
18.13 2.09024e+144
18.14 3.00583e+144
18.15 4.32335e+144
18.16 6.2196e+144
18.17 8.94934e+144
18.18 1.28797e+145
18.19 1.85399e+145
18.2 2.6693e+145
18.21 3.84391e+145
18.22 5.5365e+145
18.23 7.97599e+145
18.24 1.14927e+146
18.25 1.65631e+146
18.26 2.38755e+146
18.27 3.4423e+146
18.28 4.96399e+146
18.29 7.15979e+146
18.3 1.0329e+147
18.31 1.49039e+147
18.32 2.15095e+147
18.33 3.10489e+147
18.34 4.4828e+147
18.35 6.4735e+147
18.36 9.35008e+147
18.37 1.35076e+148
18.38 1.95177e+148
18.39 2.82076e+148
18.4 4.07746e+148
18.41 5.89522e+148
18.42 8.52505e+148
18.43 1.23305e+149
18.44 1.78382e+149
18.45 2.58112e+149
18.46 3.73553e+149
18.47 5.40733e+149
18.48 7.8289e+149
18.49 1.13372e+150
18.5 1.64209e+150
18.51 2.37889e+150
18.52 3.44697e+150
18.53 4.99562e+150
18.54 7.24148e+150
18.55 1.04991e+151
18.56 1.52252e+151
18.57 2.20832e+151
18.58 3.20366e+151
18.59 4.64855e+151
18.6 6.74646e+151
18.61 9.79312e+151
18.62 1.42185e+152
18.63 2.06477e+152
18.64 2.999e+152
18.65 4.35681e+152
18.66 6.33064e+152
18.67 9.20054e+152
18.68 1.33741e+153
18.69 1.94448e+153
18.7 2.82768e+153
18.71 4.11285e+153
18.72 5.98332e+153
18.73 8.70618e+153
18.74 1.26707e+154
18.75 1.84442e+154
18.76 2.68538e+154
18.77 3.91056e+154
18.78 5.69585e+154
18.79 8.29784e+154
18.8 1.20909e+155
18.81 1.76213e+155
18.82 2.56865e+155
18.83 3.74505e+155
18.84 5.46133e+155
18.85 7.96572e+155
18.86 1.16209e+156
18.87 1.69566e+156
18.88 2.47472e+156
18.89 3.61243e+156
18.9 5.27425e+156
18.91 7.70208e+156
18.92 1.12497e+157
18.93 1.64347e+157
18.94 2.40143e+157
18.95 3.50966e+157
18.96 5.13033e+157
18.97 7.5009e+157
18.98 1.0969e+158
18.99 1.60439e+158
19 2.34713e+158
19.01 3.43441e+158
19.02 5.02636e+158
19.03 7.35769e+158
19.04 1.07725e+159
19.05 1.57753e+159
19.06 2.31061e+159
19.07 3.38503e+159
19.08 4.96003e+159
19.09 7.2693e+159
19.1 1.06559e+160
19.11 1.56232e+160
19.12 2.29107e+160
19.13 3.36043e+160
19.14 4.92989e+160
19.15 7.2338e+160
19.16 1.06165e+161
19.17 1.55842e+161
19.18 2.2881e+161
19.19 3.36009e+161
19.2 4.9353e+161
19.21 7.25042e+161
19.22 1.06537e+162
19.23 1.56575e+162
19.24 2.30162e+162
19.25 3.38399e+162
19.26 4.97637e+162
19.27 7.31953e+162
19.28 1.07681e+163
19.29 1.58447e+163
19.3 2.33192e+163
19.31 3.43266e+163
19.32 5.054e+163
19.33 7.44262e+163
19.34 1.09623e+164
19.35 1.61498e+164
19.36 2.37968e+164
19.37 3.50716e+164
19.38 5.16987e+164
19.39 7.62239e+164
19.4 1.12406e+165
19.41 1.65796e+165
19.42 2.44594e+165
19.43 3.60913e+165
19.44 5.32657e+165
19.45 7.86284e+165
19.46 1.16091e+166
19.47 1.71436e+166
19.48 2.53218e+166
19.49 3.74088e+166
19.5 5.52763e+166
19.51 8.16942e+166
19.52 1.20762e+167
19.53 1.78548e+167
19.54 2.64039e+167
19.55 3.90541e+167
19.56 5.77767e+167
19.57 8.5492e+167
19.58 1.26527e+168
19.59 1.87297e+168
19.6 2.77309e+168
19.61 4.10661e+168
19.62 6.08261e+168
19.63 9.01121e+168
19.64 1.33525e+169
19.65 1.97893e+169
19.66 2.93348e+169
19.67 4.34934e+169
19.68 6.44985e+169
19.69 9.56673e+169
19.7 1.41927e+170
19.71 2.10596e+170
19.72 3.12554e+170
19.73 4.63965e+170
19.74 6.88863e+170
19.75 1.02298e+171
19.76 1.51946e+171
19.77 2.25733e+171
19.78 3.35421e+171
19.79 4.98507e+171
19.8 7.41036e+171
19.81 1.10178e+172
19.82 1.63846e+172
19.83 2.43705e+172
19.84 3.62559e+172
19.85 5.39486e+172
19.86 8.02913e+172
19.87 1.19521e+173
19.88 1.77953e+173
19.89 2.65005e+173
19.9 3.94721e+173
19.91 5.88047e+173
19.92 8.76236e+173
19.93 1.30592e+174
19.94 1.9467e+174
19.95 2.90248e+174
19.96 4.32837e+174
19.97 6.45606e+174
19.98 9.63157e+174
19.99 1.43719e+175
